24/4/15
Time         Wind Dir   Wind Spd  Wind Gust     Hum In   Humidity    Temp In       Temp  Raw Barom         UV      Solar  Dew Point  DailyRain   RainRate
                    °      km/hr      km/hr          %          %         °C         °C        hPa                 W/sqm         °C         mm      mm/hr
0:00            125.0        0.0        0.0         47         92       17.8        4.3     1008.7        0.0          0        3.2       0.00      0.000
0:01            125.0        0.0        0.0         47         92       17.8        4.3     1008.6        0.0          0        3.2       0.00      0.000
0:02            125.0        0.0        0.0         47         92       17.8        4.3     1008.7        0.0          0        3.2       0.00      0.000
0:03            125.0        0.0        0.0         47         92       17.8        4.3     1008.7        0.0          0        3.1       0.00      0.000
0:04            125.0        0.0        0.0         47         92       17.8        4.3     1008.7        0.0          0        3.1       0.00      0.000
0:05            125.0        0.0        0.0         47         92       17.8        4.3     1008.7        0.0          0        3.1       0.00      0.000
0:06            125.0        0.0        0.0         47         92       17.8        4.2     1008.7        0.0          0        3.0       0.00      0.000
0:07            125.0        0.0        0.0         47         92       17.8        4.2     1008.7        0.0          0        3.0       0.00      0.000
0:08            125.0        0.0        0.0         47         92       17.8        4.2     1008.6        0.0          0        3.0       0.00      0.000
0:09            125.0        0.0        0.0         47         92       17.7        4.2     1008.6        0.0          0        3.0       0.00      0.000
0:10            125.0        0.0        0.0         47         92       17.7        4.2     1008.6        0.0          0        3.0       0.00      0.000
0:11            125.0        0.0        0.0         47         92       17.7        4.2     1008.6        0.0          0        3.0       0.00      0.000
0:12            125.0        0.0        0.0         47         92       17.7        4.2     1008.6        0.0          0        3.0       0.00      0.000
0:13            125.0        0.0        0.0         47         92       17.7        4.2     1008.6        0.0          0        3.0       0.00      0.000
0:14            125.0        0.0        0.0         48         92       17.7        4.1     1008.6        0.0          0        2.9       0.00      0.000
0:15            125.0        0.0        0.0         47         92       17.7        4.1     1008.6        0.0          0        2.9       0.00      0.000
0:16            125.0        0.0        0.0         47         92       17.7        4.1     1008.6        0.0          0        2.9       0.00      0.000
0:17            125.0        0.0        0.0         48         92       17.6        4.1     1008.6        0.0          0        2.9       0.00      0.000
0:18            125.0        0.0        0.0         48         92       17.6        4.0     1008.6        0.0          0        2.8       0.00      0.000
0:19            125.0        0.0        0.0         48         92       17.6        4.0     1008.6        0.0          0        2.8       0.00      0.000
0:20            125.0        0.0        0.0         48         92       17.6        4.0     1008.6        0.0          0        2.8       0.00      0.000
0:21            125.0        0.0        0.0         48         92       17.6        3.9     1008.5        0.0          0        2.8       0.00      0.000
0:22            125.0        0.0        0.0         48         93       17.6        4.0     1008.5        0.0          0        3.0       0.00      0.000
0:23            125.0        0.0        0.0         48         93       17.6        3.9     1008.6        0.0          0        2.9       0.00      0.000
0:24            125.0        0.0        0.0         48         93       17.5        3.9     1008.5        0.0          0        2.9       0.00      0.000
0:25            125.0        0.0        0.0         48         93       17.5        3.9     1008.5        0.0          0        2.9       0.00      0.000
0:26            125.0        0.0        0.0         48         93       17.5        4.0     1008.6        0.0          0        3.0       0.00      0.000
0:27            125.0        0.0        0.0         48         93       17.5        4.0     1008.5        0.0          0        3.0       0.00      0.000
0:28            125.0        0.0        0.0         48         93       17.5        4.0     1008.5        0.0          0        3.0       0.00      0.000
0:29            125.0        0.0        0.0         48         93       17.5        4.1     1008.4        0.0          0        3.0       0.00      0.000
0:30            125.0        0.0        0.0         48         93       17.5        4.1     1008.4        0.0          0        3.0       0.00      0.000
0:31            125.0        0.0        0.0         48         93       17.4        4.1     1008.5        0.0          0        3.0       0.00      0.000
0:32            125.0        0.0        0.0         48         93       17.4        4.1     1008.4        0.0          0        3.0       0.00      0.000
0:33            125.0        0.0        0.0         48         93       17.4        4.1     1008.4        0.0          0        3.0       0.00      0.000
0:34            125.0        0.0        0.0         48         93       17.4        4.1     1008.4        0.0          0        3.0       0.00      0.000
0:35            125.0        0.0        0.0         48         93       17.4        4.1     1008.4        0.0          0        3.0       0.00      0.000
0:36            125.0        0.0        0.0         48         93       17.4        4.1     1008.4        0.0          0        3.0       0.00      0.000
0:37            125.0        0.0        0.0         48         93       17.3        4.1     1008.3        0.0          0        3.0       0.00      0.000
0:38            125.0        0.0        0.0         48         93       17.3        4.1     1008.4        0.0          0        3.0       0.00      0.000
0:39            125.0        0.0        0.0         48         93       17.3        4.0     1008.3        0.0          0        3.0       0.00      0.000
0:40            125.0        0.0        0.0         48         93       17.3        4.0     1008.4        0.0          0        3.0       0.00      0.000
0:41            125.0        0.0        0.0         48         93       17.3        4.0     1008.3        0.0          0        3.0       0.00      0.000
0:42            125.0        0.0        0.0         48         93       17.3        3.9     1008.3        0.0          0        2.9       0.00      0.000
0:43            125.0        0.0        0.0         48         93       17.3        3.9     1008.4        0.0          0        2.9       0.00      0.000
0:44            125.0        0.0        0.0         48         93       17.3        3.9     1008.3        0.0          0        2.9       0.00      0.000
0:45            125.0        0.0        0.0         48         93       17.2        3.9     1008.3        0.0          0        2.9       0.00      0.000
0:46            125.0        0.0        0.0         48         93       17.2        3.9     1008.3        0.0          0        2.9       0.00      0.000
0:47            125.0        0.0        0.0         48         93       17.2        3.9     1008.3        0.0          0        2.9       0.00      0.000
0:48            125.0        0.0        0.0         48         93       17.2        3.8     1008.3        0.0          0        2.8       0.00      0.000
0:49            125.0        0.0        0.0         48         93       17.2        3.8     1008.3        0.0          0        2.8       0.00      0.000
0:50            125.0        0.0        0.0         48         93       17.2        3.8     1008.3        0.0          0        2.8       0.00      0.000
0:51            125.0        0.0        0.0         48         93       17.2        3.8     1008.3        0.0          0        2.8       0.00      0.000
0:52            125.0        0.0        0.0         48         93       17.2        3.8     1008.2        0.0          0        2.8       0.00      0.000
0:53            125.0        0.0        0.0         48         93       17.2        3.8     1008.2        0.0          0        2.8       0.00      0.000
0:54            125.0        0.0        0.0         48         93       17.2        3.8     1008.3        0.0          0        2.8       0.00      0.000
0:55            125.0        0.0        0.0         48         93       17.2        3.8     1008.3        0.0          0        2.8       0.00      0.000
0:56            125.0        0.0        0.0         48         93       17.2        3.8     1008.2        0.0          0        2.8       0.00      0.000
0:57            125.0        0.0        0.0         48         93       17.2        3.7     1008.2        0.0          0        2.7       0.00      0.000
0:58            125.0        0.0        0.0         48         93       17.2        3.7     1008.2        0.0          0        2.7       0.00      0.000
0:59            125.0        0.0        0.0         48         93       17.1        3.7     1008.2        0.0          0        2.7       0.00      0.000
1:00            125.0        0.0        0.0         48         93       17.1        3.7     1008.2        0.0          0        2.6       0.00      0.000
1:01            125.0        0.0        0.0         48         93       17.1        3.7     1008.2        0.0          0        2.6       0.00      0.000
1:02            125.0        0.0        0.0         48         93       17.1        3.7     1008.2        0.0          0        2.6       0.00      0.000
1:03            125.0        0.0        0.0         48         93       17.1        3.6     1008.2        0.0          0        2.6       0.00      0.000
1:04            125.0        0.0        0.0         48         93       17.1        3.6     1008.2        0.0          0        2.6       0.00      0.000
1:05            125.0        0.0        0.0         48         93       17.1        3.6     1008.2        0.0          0        2.6       0.00      0.000
1:06            125.0        0.0        0.0         48         93       17.1        3.6     1008.2        0.0          0        2.6       0.00      0.000
1:07            125.0        0.0        0.0         48         93       16.9        3.6     1008.1        0.0          0        2.6       0.00      0.000
1:08            125.0        0.0        0.0         48         93       16.9        3.6     1008.2        0.0          0        2.5       0.00      0.000
1:09            125.0        0.0        0.0         48         93       16.9        3.6     1008.2        0.0          0        2.5       0.00      0.000
1:10            125.0        0.0        0.0         48         93       16.9        3.6     1008.2        0.0          0        2.5       0.00      0.000
1:11            125.0        0.0        0.0         48         93       16.9        3.5     1008.2        0.0          0        2.5       0.00      0.000
1:12            125.0        0.0        0.0         48         93       16.9        3.5     1008.1        0.0          0        2.5       0.00      0.000
1:13            125.0        0.0        0.0         48         93       16.9        3.4     1008.1        0.0          0        2.4       0.00      0.000
1:14            125.0        0.0        0.0         48         93       16.9        3.4     1008.1        0.0          0        2.4       0.00      0.000
1:15            125.0        0.0        0.0         48         93       16.9        3.4     1008.1        0.0          0        2.4       0.00      0.000
1:16            125.0        0.0        0.0         48         93       16.9        3.4     1008.1        0.0          0        2.4       0.00      0.000
1:17            125.0        0.0        0.0         48         93       16.9        3.4     1008.1        0.0          0        2.4       0.00      0.000
1:18            125.0        0.0        0.0         48         93       16.9        3.3     1008.1        0.0          0        2.3       0.00      0.000
1:19            125.0        0.0        0.0         48         93       16.9        3.3     1008.1        0.0          0        2.3       0.00      0.000
1:20            125.0        0.0        0.0         48         93       16.9        3.3     1008.1        0.0          0        2.3       0.00      0.000
1:21            125.0        0.0        0.0         48         93       16.8        3.3     1008.1        0.0          0        2.3       0.00      0.000
1:22            125.0        0.0        0.0         48         93       16.8        3.3     1008.1        0.0          0        2.3       0.00      0.000
1:23            125.0        0.0        0.0         48         93       16.8        3.3     1008.1        0.0          0        2.3       0.00      0.000
1:24            125.0        0.0        0.0         48         93       16.8        3.3     1008.1        0.0          0        2.3       0.00      0.000
1:25            125.0        0.0        0.0         48         93       16.8        3.3     1008.1        0.0          0        2.3       0.00      0.000
1:26            125.0        0.0        0.0         48         93       16.8        3.3     1008.1        0.0          0        2.3       0.00      0.000
1:27            125.0        0.0        0.0         48         93       16.8        3.3     1008.0        0.0          0        2.3       0.00      0.000
1:28            125.0        0.0        0.0         48         93       16.7        3.2     1008.1        0.0          0        2.2       0.00      0.000
1:29            125.0        0.0        0.0         48         93       16.7        3.2     1008.0        0.0          0        2.2       0.00      0.000
1:30            125.0        0.0        0.0         48         93       16.7        3.2     1008.0        0.0          0        2.2       0.00      0.000
1:31            125.0        0.0        0.0         48         93       16.7        3.2     1008.0        0.0          0        2.2       0.00      0.000
1:32            125.0        0.0        0.0         48         93       16.7        3.2     1008.0        0.0          0        2.2       0.00      0.000
1:33            125.0        0.0        0.0         48         93       16.7        3.2     1008.0        0.0          0        2.2       0.00      0.000
1:34            125.0        0.0        0.0         48         93       16.7        3.2     1008.0        0.0          0        2.1       0.00      0.000
1:35            125.0        0.0        0.0         48         93       16.6        3.2     1007.9        0.0          0        2.1       0.00      0.000
1:36            125.0        0.0        0.0         48         93       16.6        3.2     1007.9        0.0          0        2.1       0.00      0.000
1:37            125.0        0.0        0.0         48         93       16.6        3.2     1007.9        0.0          0        2.1       0.00      0.000
1:38            125.0        0.0        0.0         48         94       16.6        3.2     1007.9        0.0          0        2.3       0.00      0.000
1:39            125.0        0.0        0.0         48         94       16.6        3.2     1007.9        0.0          0        2.4       0.00      0.000
1:40            125.0        0.0        0.0         48         94       16.6        3.2     1007.9        0.0          0        2.4       0.00      0.000
1:41            125.0        0.0        0.0         48         94       16.6        3.3     1007.9        0.0          0        2.4       0.00      0.000
1:42            125.0        0.0        0.0         48         94       16.6        3.3     1007.8        0.0          0        2.4       0.00      0.000
1:43            125.0        0.0        0.0         48         94       16.6        3.3     1007.8        0.0          0        2.4       0.00      0.000
1:44            125.0        0.0        1.6         48         94       16.6        3.3     1007.8        0.0          0        2.4       0.00      0.000
1:45            125.0        0.0        1.6         48         94       16.6        3.3     1007.8        0.0          0        2.4       0.00      0.000
1:46            125.0        0.0        0.0         48         94       16.6        3.3     1007.8        0.0          0        2.4       0.00      0.000
1:47            125.0        0.0        0.0         48         94       16.6        3.3     1007.8        0.0          0        2.4       0.00      0.000
1:48            125.0        0.0        0.0         48         94       16.6        3.3     1007.9        0.0          0        2.4       0.00      0.000
1:49            125.0        0.0        0.0         48         94       16.6        3.2     1007.8        0.0          0        2.4       0.00      0.000
1:50            125.0        0.0        0.0         48         94       16.6        3.3     1007.8        0.0          0        2.4       0.00      0.000
1:51            125.0        0.0        0.0         48         94       16.4        3.3     1007.8        0.0          0        2.4       0.00      0.000
1:52            125.0        0.0        0.0         48         94       16.4        3.3     1007.8        0.0          0        2.4       0.00      0.000
1:53            125.0        0.0        0.0         48         94       16.4        3.3     1007.7        0.0          0        2.4       0.00      0.000
1:54            125.0        0.0        0.0         48         94       16.4        3.3     1007.7        0.0          0        2.4       0.00      0.000
1:55            125.0        0.0        0.0         48         94       16.4        3.2     1007.7        0.0          0        2.4       0.00      0.000
1:56            125.0        0.0        0.0         48         94       16.4        3.2     1007.7        0.0          0        2.4       0.00      0.000
1:57            125.0        0.0        0.0         48         94       16.3        3.2     1007.7        0.0          0        2.4       0.00      0.000
1:58            125.0        0.0        0.0         48         94       16.3        3.2     1007.7        0.0          0        2.4       0.00      0.000
1:58            125.0        0.0        0.0         48         94       16.3        3.2     1007.7        0.0          0        2.4       0.00      0.000
2:00            125.0        0.0        0.0         48         94       16.3        3.2     1007.6        0.0          0        2.3       0.00      0.000
2:01            125.0        0.0        0.0         48         94       16.3        3.2     1007.7        0.0          0        2.3       0.00      0.000
2:02            125.0        0.0        0.0         48         94       16.3        3.2     1007.7        0.0          0        2.4       0.00      0.000
2:03            125.0        0.0        0.0         48         94       16.3        3.2     1007.7        0.0          0        2.4       0.00      0.000
2:04            125.0        0.0        0.0         48         94       16.3        3.2     1007.7        0.0          0        2.4       0.00      0.000
2:05            125.0        0.0        0.0         48         94       16.3        3.2     1007.7        0.0          0        2.3       0.00      0.000
2:06            125.0        0.0        0.0         48         94       16.3        3.2     1007.7        0.0          0        2.3       0.00      0.000
2:07            125.0        0.0        0.0         48         94       16.3        3.2     1007.7        0.0          0        2.3       0.00      0.000
2:08            125.0        0.0        0.0         48         94       16.3        3.2     1007.7        0.0          0        2.3       0.00      0.000
2:09            125.0        0.0        0.0         48         94       16.3        3.2     1007.7        0.0          0        2.3       0.00      0.000
2:10            125.0        0.0        0.0         48         94       16.3        3.2     1007.7        0.0          0        2.3       0.00      0.000
2:11            125.0        0.0        0.0         48         94       16.3        3.2     1007.7        0.0          0        2.3       0.00      0.000
2:12            125.0        0.0        0.0         48         94       16.2        3.2     1007.7        0.0          0        2.3       0.00      0.000
2:13            125.0        0.0        0.0         48         94       16.2        3.1     1007.7        0.0          0        2.2       0.00      0.000
2:14            125.0        0.0        0.0         48         94       16.2        3.1     1007.7        0.0          0        2.2       0.00      0.000
2:15            125.0        0.0        0.0         48         94       16.2        3.1     1007.7        0.0          0        2.2       0.00      0.000
2:16            125.0        0.0        0.0         48         93       16.2        3.1     1007.6        0.0          0        2.0       0.00      0.000
2:17            125.0        0.0        0.0         48         93       16.2        3.0     1007.6        0.0          0        2.0       0.00      0.000
2:18            125.0        0.0        0.0         48         93       16.2        2.9     1007.6        0.0          0        1.9       0.00      0.000
2:19            125.0        0.0        0.0         48         93       16.2        2.9     1007.6        0.0          0        1.9       0.00      0.000
2:20            125.0        0.0        0.0         48         93       16.1        2.9     1007.6        0.0          0        1.9       0.00      0.000
2:21            125.0        0.0        0.0         48         93       16.1        2.8     1007.6        0.0          0        1.8       0.00      0.000
2:22            125.0        0.0        0.0         48         93       16.1        2.8     1007.6        0.0          0        1.8       0.00      0.000
2:23            125.0        0.0        0.0         48         93       16.1        2.8     1007.6        0.0          0        1.8       0.00      0.000
2:24            125.0        0.0        0.0         48         93       16.1        2.8     1007.6        0.0          0        1.8       0.00      0.000
2:25            125.0        0.0        0.0         48         93       16.1        2.7     1007.6        0.0          0        1.7       0.00      0.000
2:26            125.0        0.0        0.0         48         93       16.1        2.7     1007.6        0.0          0        1.7       0.00      0.000
2:27            125.0        0.0        0.0         48         93       16.1        2.7     1007.6        0.0          0        1.7       0.00      0.000
2:28            125.0        0.0        0.0         48         93       16.0        2.6     1007.5        0.0          0        1.5       0.00      0.000
2:29            125.0        0.0        0.0         48         93       16.0        2.6     1007.5        0.0          0        1.5       0.00      0.000
2:30            125.0        0.0        0.0         48         93       16.0        2.5     1007.5        0.0          0        1.5       0.00      0.000
2:31            125.0        0.0        0.0         48         93       16.0        2.4     1007.5        0.0          0        1.4       0.00      0.000
2:32            125.0        0.0        0.0         49         93       16.0        2.4     1007.5        0.0          0        1.4       0.00      0.000
2:33            125.0        0.0        0.0         49         93       16.0        2.4     1007.5        0.0          0        1.4       0.00      0.000
2:34            125.0        0.0        0.0         49         93       16.0        2.4     1007.6        0.0          0        1.4       0.00      0.000
2:35            125.0        0.0        0.0         49         93       15.9        2.4     1007.6        0.0          0        1.4       0.00      0.000
2:36            125.0        0.0        0.0         49         93       15.9        2.4     1007.6        0.0          0        1.4       0.00      0.000
2:37            125.0        0.0        0.0         49         94       15.9        2.4     1007.6        0.0          0        1.5       0.00      0.000
2:38            125.0        0.0        0.0         49         94       15.9        2.4     1007.6        0.0          0        1.5       0.00      0.000
2:39            125.0        0.0        0.0         49         94       15.9        2.4     1007.6        0.0          0        1.5       0.00      0.000
2:40            125.0        0.0        0.0         49         94       15.9        2.4     1007.6        0.0          0        1.5       0.00      0.000
2:41            125.0        0.0        0.0         49         94       15.9        2.4     1007.6        0.0          0        1.5       0.00      0.000
2:42            125.0        0.0        0.0         49         94       15.8        2.4     1007.6        0.0          0        1.6       0.00      0.000
2:43            125.0        0.0        0.0         49         94       15.8        2.4     1007.6        0.0          0        1.5       0.00      0.000
2:44            125.0        0.0        0.0         49         94       15.8        2.4     1007.6        0.0          0        1.6       0.00      0.000
2:45            125.0        0.0        0.0         49         94       15.8        2.4     1007.6        0.0          0        1.6       0.00      0.000
2:46            125.0        0.0        0.0         49         94       15.8        2.4     1007.5        0.0          0        1.6       0.00      0.000
2:47            125.0        0.0        0.0         49         94       15.8        2.4     1007.5        0.0          0        1.6       0.00      0.000
2:48            125.0        0.0        0.0         49         94       15.8        2.4     1007.5        0.0          0        1.6       0.00      0.000
2:49            125.0        0.0        0.0         49         94       15.7        2.5     1007.5        0.0          0        1.6       0.00      0.000
2:50            125.0        0.0        0.0         49         94       15.7        2.5     1007.5        0.0          0        1.6       0.00      0.000
2:51            125.0        0.0        0.0         49         94       15.7        2.4     1007.5        0.0          0        1.6       0.00      0.000
2:52            125.0        0.0        0.0         49         94       15.7        2.4     1007.5        0.0          0        1.6       0.00      0.000
2:53            125.0        0.0        0.0         49         94       15.7        2.4     1007.5        0.0          0        1.6       0.00      0.000
2:54            125.0        0.0        0.0         49         94       15.7        2.4     1007.5        0.0          0        1.5       0.00      0.000
2:55            125.0        0.0        0.0         49         94       15.7        2.3     1007.5        0.0          0        1.5       0.00      0.000
2:56            125.0        0.0        0.0         49         94       15.7        2.3     1007.5        0.0          0        1.5       0.00      0.000
2:57            125.0        0.0        0.0         49         94       15.7        2.3     1007.6        0.0          0        1.4       0.00      0.000
2:58            125.0        0.0        0.0         49         94       15.7        2.3     1007.6        0.0          0        1.4       0.00      0.000
2:59            125.0        0.0        0.0         49         94       15.7        2.3     1007.6        0.0          0        1.4       0.00      0.000
3:00            125.0        0.0        0.0         49         94       15.7        2.2     1007.6        0.0          0        1.4       0.00      0.000
3:01            125.0        0.0        0.0         49         94       15.7        2.2     1007.6        0.0          0        1.4       0.00      0.000
3:02            125.0        0.0        0.0         49         94       15.7        2.2     1007.6        0.0          0        1.4       0.00      0.000
3:03            125.0        0.0        0.0         49         94       15.6        2.2     1007.6        0.0          0        1.3       0.00      0.000
3:04            125.0        0.0        0.0         49         94       15.6        2.2     1007.6        0.0          0        1.3       0.00      0.000
3:05            125.0        0.0        0.0         49         94       15.6        2.2     1007.6        0.0          0        1.3       0.00      0.000
3:06            125.0        0.0        0.0         49         94       15.6        2.2     1007.5        0.0          0        1.3       0.00      0.000
3:07            125.0        0.0        0.0         49         94       15.6        2.2     1007.4        0.0          0        1.4       0.00      0.000
3:08            125.0        0.0        0.0         49         94       15.6        2.2     1007.4        0.0          0        1.4       0.00      0.000
3:09            125.0        0.0        0.0         49         94       15.6        2.3     1007.4        0.0          0        1.4       0.00      0.000
3:10            125.0        0.0        0.0         49         94       15.6        2.3     1007.4        0.0          0        1.4       0.00      0.000
3:11            125.0        0.0        0.0         49         94       15.5        2.3     1007.4        0.0          0        1.5       0.00      0.000
3:12            125.0        0.0        0.0         49         94       15.5        2.3     1007.4        0.0          0        1.5       0.00      0.000
3:13            125.0        0.0        0.0         49         94       15.5        2.4     1007.4        0.0          0        1.5       0.00      0.000
3:14            125.0        0.0        0.0         49         94       15.5        2.4     1007.4        0.0          0        1.5       0.00      0.000
3:15            125.0        0.0        0.0         49         94       15.5        2.4     1007.4        0.0          0        1.5       0.00      0.000
3:16            125.0        0.0        0.0         49         94       15.5        2.4     1007.4        0.0          0        1.5       0.00      0.000
3:17            125.0        0.0        0.0         49         94       15.5        2.4     1007.4        0.0          0        1.5       0.00      0.000
3:18            125.0        0.0        0.0         49         94       15.5        2.4     1007.4        0.0          0        1.5       0.00      0.000
3:19            125.0        0.0        0.0         49         94       15.4        2.4     1007.3        0.0          0        1.5       0.00      0.000
3:20            125.0        0.0        0.0         49         94       15.4        2.4     1007.3        0.0          0        1.5       0.00      0.000
3:21            125.0        0.0        0.0         49         94       15.4        2.4     1007.3        0.0          0        1.5       0.00      0.000
3:22            125.0        0.0        0.0         49         94       15.4        2.3     1007.3        0.0          0        1.5       0.00      0.000
3:23            125.0        0.0        0.0         49         94       15.4        2.3     1007.3        0.0          0        1.5       0.00      0.000
3:24            125.0        0.0        0.0         49         94       15.4        2.3     1007.3        0.0          0        1.5       0.00      0.000
3:25            125.0        0.0        0.0         49         94       15.4        2.3     1007.3        0.0          0        1.4       0.00      0.000
3:26            125.0        0.0        0.0         49         94       15.3        2.3     1007.3        0.0          0        1.4       0.00      0.000
3:27            125.0        0.0        0.0         49         94       15.3        2.3     1007.3        0.0          0        1.4       0.00      0.000
3:28            125.0        0.0        0.0         49         94       15.3        2.3     1007.3        0.0          0        1.4       0.00      0.000
3:29            125.0        0.0        0.0         49         94       15.3        2.3     1007.3        0.0          0        1.4       0.00      0.000
3:30            125.0        0.0        0.0         49         94       15.3        2.3     1007.3        0.0          0        1.4       0.00      0.000
3:31            125.0        0.0        0.0         49         94       15.3        2.3     1007.2        0.0          0        1.4       0.00      0.000
3:32            125.0        0.0        0.0         49         94       15.3        2.3     1007.2        0.0          0        1.4       0.00      0.000
3:33            125.0        0.0        0.0         49         94       15.3        2.3     1007.2        0.0          0        1.4       0.00      0.000
3:34            125.0        0.0        0.0         49         94       15.2        2.3     1007.2        0.0          0        1.4       0.00      0.000
3:35            125.0        0.0        0.0         49         94       15.2        2.3     1007.2        0.0          0        1.4       0.00      0.000
3:36            125.0        0.0        0.0         49         94       15.2        2.2     1007.2        0.0          0        1.4       0.00      0.000
3:37            125.0        0.0        0.0         49         94       15.2        2.2     1007.2        0.0          0        1.3       0.00      0.000
3:38            125.0        0.0        0.0         49         94       15.2        2.2     1007.1        0.0          0        1.3       0.00      0.000
3:39            125.0        0.0        0.0         49         94       15.2        2.2     1007.1        0.0          0        1.3       0.00      0.000
3:40            125.0        0.0        0.0         49         94       15.2        2.1     1007.1        0.0          0        1.2       0.00      0.000
3:41            125.0        0.0        0.0         49         94       15.2        2.1     1007.1        0.0          0        1.2       0.00      0.000
3:42            125.0        0.0        0.0         49         94       15.2        2.1     1007.1        0.0          0        1.2       0.00      0.000
3:43            125.0        0.0        0.0         49         94       15.2        2.1     1007.0        0.0          0        1.2       0.00      0.000
3:44            125.0        0.0        0.0         49         94       15.2        2.1     1007.0        0.0          0        1.2       0.00      0.000
3:45            125.0        0.0        0.0         49         94       15.2        2.1     1007.0        0.0          0        1.2       0.00      0.000
3:46            125.0        0.0        0.0         49         94       15.2        2.1     1007.0        0.0          0        1.2       0.00      0.000
3:47            125.0        0.0        0.0         49         94       15.2        2.1     1007.0        0.0          0        1.2       0.00      0.000
3:48            125.0        0.0        0.0         49         94       15.2        2.1     1006.9        0.0          0        1.2       0.00      0.000
3:49            125.0        0.0        0.0         49         94       15.2        2.1     1006.9        0.0          0        1.2       0.00      0.000
3:50            125.0        0.0        0.0         49         94       15.1        2.1     1007.0        0.0          0        1.2       0.00      0.000
3:51            125.0        0.0        0.0         49         94       15.1        2.1     1006.9        0.0          0        1.2       0.00      0.000
3:52            125.0        0.0        0.0         49         94       15.1        2.1     1006.9        0.0          0        1.2       0.00      0.000
3:53            125.0        0.0        0.0         49         94       15.1        2.0     1006.9        0.0          0        1.1       0.00      0.000
3:54            125.0        0.0        0.0         49         94       15.1        2.0     1006.9        0.0          0        1.1       0.00      0.000
3:55            125.0        0.0        0.0         49         94       15.1        2.0     1006.9        0.0          0        1.1       0.00      0.000
3:56            125.0        0.0        0.0         49         94       15.1        2.0     1006.9        0.0          0        1.1       0.00      0.000
3:57            125.0        0.0        0.0         49         94       15.0        2.0     1006.9        0.0          0        1.1       0.00      0.000
3:58            125.0        0.0        0.0         49         94       15.0        2.0     1006.9        0.0          0        1.1       0.00      0.000
3:58            125.0        0.0        0.0         49         94       15.0        2.0     1006.8        0.0          0        1.1       0.00      0.000
4:00            125.0        0.0        0.0         49         94       15.0        2.0     1006.8        0.0          0        1.1       0.00      0.000
4:01            125.0        0.0        0.0         49         94       15.0        2.0     1006.8        0.0          0        1.1       0.00      0.000
4:02            125.0        0.0        0.0         49         95       15.0        2.1     1006.8        0.0          0        1.3       0.00      0.000
4:03            125.0        0.0        0.0         49         95       15.0        2.1     1006.8        0.0          0        1.3       0.00      0.000
4:04            125.0        0.0        0.0         49         95       15.0        2.1     1006.8        0.0          0        1.4       0.00      0.000
4:05            125.0        0.0        0.0         49         95       15.0        2.1     1006.8        0.0          0        1.4       0.00      0.000
4:06            125.0        0.0        0.0         49         95       14.9        2.1     1006.8        0.0          0        1.4       0.00      0.000
4:07            125.0        0.0        0.0         49         95       14.9        2.1     1006.8        0.0          0        1.4       0.00      0.000
4:08            125.0        0.0        0.0         49         95       14.9        2.1     1006.8        0.0          0        1.4       0.00      0.000
4:09            125.0        0.0        0.0         49         95       14.9        2.2     1006.8        0.0          0        1.5       0.00      0.000
4:10            125.0        0.0        0.0         49         95       14.9        2.2     1006.8        0.0          0        1.5       0.00      0.000
4:11            125.0        0.0        0.0         49         95       14.9        2.2     1006.8        0.0          0        1.5       0.00      0.000
4:12            125.0        0.0        0.0         49         95       14.9        2.2     1006.8        0.0          0        1.5       0.00      0.000
4:13            125.0        0.0        0.0         49         95       14.9        2.2     1006.8        0.0          0        1.5       0.00      0.000
4:14            125.0        0.0        0.0         49         95       14.8        2.2     1006.8        0.0          0        1.5       0.00      0.000
4:15            125.0        0.0        0.0         50         95       14.8        2.2     1006.8        0.0          0        1.5       0.00      0.000
4:16            125.0        0.0        0.0         50         95       14.8        2.2     1006.8        0.0          0        1.5       0.00      0.000
4:17            125.0        0.0        0.0         50         95       14.8        2.2     1006.7        0.0          0        1.5       0.00      0.000
4:18            125.0        0.0        0.0         50         95       14.8        2.2     1006.8        0.0          0        1.5       0.00      0.000
4:19            125.0        0.0        0.0         50         95       14.8        2.2     1006.7        0.0          0        1.5       0.00      0.000
4:20            125.0        0.0        0.0         50         94       14.8        2.1     1006.7        0.0          0        1.2       0.00      0.000
4:21            125.0        0.0        0.0         50         94       14.8        2.1     1006.7        0.0          0        1.2       0.00      0.000
4:22            125.0        0.0        1.6         50         95       14.7        2.2     1006.8        0.0          0        1.5       0.00      0.000
4:23            125.0        0.0        1.6         50         95       14.7        2.2     1006.7        0.0          0        1.5       0.00      0.000
4:24            125.0        0.0        0.0         50         95       14.7        2.2     1006.7        0.0          0        1.5       0.00      0.000
4:25            125.0        0.0        0.0         50         95       14.7        2.2     1006.7        0.0          0        1.5       0.00      0.000
4:26            125.0        0.0        0.0         50         95       14.7        2.2     1006.7        0.0          0        1.5       0.00      0.000
4:27            125.0        0.0        0.0         50         95       14.7        2.2     1006.6        0.0          0        1.5       0.00      0.000
4:28            125.0        0.0        0.0         50         95       14.7        2.2     1006.7        0.0          0        1.5       0.00      0.000
4:29            125.0        0.0        0.0         50         95       14.7        2.2     1006.6        0.0          0        1.5       0.00      0.000
4:30            125.0        0.0        0.0         50         95       14.7        2.2     1006.6        0.0          0        1.5       0.00      0.000
4:31            125.0        0.0        0.0         50         95       14.7        2.2     1006.6        0.0          0        1.5       0.00      0.000
4:32            125.0        0.0        0.0         50         95       14.7        2.2     1006.6        0.0          0        1.5       0.00      0.000
4:33            125.0        0.0        0.0         50         95       14.7        2.2     1006.6        0.0          0        1.5       0.00      0.000
4:34            125.0        0.0        0.0         50         95       14.7        2.2     1006.6        0.0          0        1.5       0.00      0.000
4:35            125.0        0.0        0.0         50         95       14.7        2.2     1006.5        0.0          0        1.5       0.00      0.000
4:36            125.0        0.0        0.0         50         95       14.7        2.2     1006.6        0.0          0        1.5       0.00      0.000
4:37            125.0        0.0        0.0         50         95       14.7        2.2     1006.6        0.0          0        1.5       0.00      0.000
4:38            125.0        0.0        0.0         50         95       14.6        2.2     1006.6        0.0          0        1.5       0.00      0.000
4:39            125.0        0.0        0.0         50         95       14.6        2.2     1006.5        0.0          0        1.5       0.00      0.000
4:40            125.0        0.0        0.0         50         95       14.6        2.2     1006.5        0.0          0        1.5       0.00      0.000
4:41            125.0        0.0        0.0         50         95       14.6        2.2     1006.5        0.0          0        1.5       0.00      0.000
4:42            125.0        0.0        0.0         50         95       14.6        2.2     1006.5        0.0          0        1.5       0.00      0.000
4:43            125.0        0.0        0.0         50         95       14.6        2.2     1006.5        0.0          0        1.5       0.00      0.000
4:44            125.0        0.0        0.0         50         95       14.6        2.2     1006.5        0.0          0        1.5       0.00      0.000
4:45            125.0        0.0        0.0         50         95       14.6        2.2     1006.5        0.0          0        1.5       0.00      0.000
4:46            125.0        0.0        0.0         50         95       14.6        2.2     1006.5        0.0          0        1.5       0.00      0.000
4:47            125.0        0.0        0.0         50         95       14.6        2.1     1006.5        0.0          0        1.4       0.00      0.000
4:48            125.0        0.0        0.0         50         95       14.5        2.1     1006.5        0.0          0        1.4       0.00      0.000
4:49            125.0        0.0        0.0         50         95       14.5        2.1     1006.6        0.0          0        1.4       0.00      0.000
4:50            125.0        0.0        0.0         50         95       14.5        2.1     1006.5        0.0          0        1.3       0.00      0.000
4:51            125.0        0.0        0.0         50         95       14.5        2.1     1006.5        0.0          0        1.3       0.00      0.000
4:52            125.0        0.0        0.0         50         95       14.5        2.1     1006.5        0.0          0        1.3       0.00      0.000
4:53            125.0        0.0        0.0         50         95       14.5        2.1     1006.5        0.0          0        1.3       0.00      0.000
4:54            125.0        0.0        0.0         50         95       14.5        2.1     1006.5        0.0          5        1.3       0.00      0.000
4:55            125.0        0.0        0.0         50         95       14.5        2.1     1006.5        0.0          5        1.3       0.00      0.000
4:56            125.0        0.0        0.0         50         95       14.5        2.0     1006.5        0.0          5        1.3       0.00      0.000
4:57            125.0        0.0        0.0         50         95       14.4        2.1     1006.6        0.0          5        1.3       0.00      0.000
4:58            125.0        0.0        0.0         50         95       14.4        2.1     1006.6        0.0          5        1.3       0.00      0.000
4:58            125.0        0.0        0.0         50         95       14.4        2.0     1006.5        0.0          7        1.3       0.00      0.000
5:00            125.0        0.0        0.0         50         95       14.4        2.0     1006.5        0.0          7        1.3       0.00      0.000
5:01            125.0        0.0        0.0         50         95       14.4        2.0     1006.5        0.0          9        1.3       0.00      0.000
5:02            125.0        0.0        0.0         50         95       14.4        2.0     1006.5        0.0          9        1.3       0.00      0.000
5:03            125.0        0.0        0.0         50         95       14.4        2.0     1006.4        0.0          9        1.3       0.00      0.000
5:04            125.0        0.0        0.0         50         95       14.4        2.0     1006.5        0.0          9        1.3       0.00      0.000
5:05            125.0        0.0        0.0         50         95       14.3        2.0     1006.5        0.0          9        1.3       0.00      0.000
5:06            125.0        0.0        0.0         50         95       14.3        2.0     1006.5        0.0         11        1.3       0.00      0.000
5:07            125.0        0.0        0.0         50         95       14.3        2.0     1006.5        0.0         11        1.3       0.00      0.000
5:08            125.0        0.0        0.0         50         95       14.3        1.9     1006.5        0.0         12        1.2       0.00      0.000
5:09            125.0        0.0        0.0         50         95       14.3        1.9     1006.5        0.0         12        1.2       0.00      0.000
5:10            125.0        0.0        0.0         50         95       14.3        1.9     1006.5        0.0         12        1.2       0.00      0.000
5:11            125.0        0.0        0.0         50         95       14.3        1.9     1006.5        0.0         14        1.2       0.00      0.000
5:12            125.0        0.0        0.0         50         95       14.3        1.9     1006.6        0.0         16        1.2       0.00      0.000
5:13            125.0        0.0        0.0         50         95       14.2        1.9     1006.6        0.0         16        1.2       0.00      0.000
5:14            125.0        0.0        0.0         50         95       14.2        1.9     1006.6        0.0         18        1.2       0.00      0.000
5:15            125.0        0.0        0.0         50         95       14.2        1.9     1006.6        0.0         19        1.2       0.00      0.000
5:16            125.0        0.0        0.0         50         95       14.2        1.9     1006.6        0.0         21        1.2       0.00      0.000
5:17            125.0        0.0        0.0         50         95       14.2        1.9     1006.7        0.0         23        1.2       0.00      0.000
5:18            125.0        0.0        0.0         50         95       14.2        1.9     1006.6        0.0         25        1.2       0.00      0.000
5:19            125.0        0.0        0.0         50         95       14.2        1.9     1006.6        0.0         25        1.2       0.00      0.000
5:20            125.0        0.0        0.0         50         95       14.2        1.9     1006.6        0.0         26        1.2       0.00      0.000
5:21            125.0        0.0        0.0         50         95       14.2        1.9     1006.6        0.0         28        1.2       0.00      0.000
5:22            125.0        0.0        0.0         50         95       14.2        1.9     1006.6        0.0         28        1.2       0.00      0.000
5:23            125.0        0.0        0.0         50         95       14.1        1.9     1006.6        0.0         32        1.2       0.00      0.000
5:24            125.0        0.0        0.0         50         95       14.1        1.9     1006.6        0.0         33        1.2       0.00      0.000
5:25            125.0        0.0        0.0         50         95       14.1        1.9     1006.6        0.0         33        1.2       0.00      0.000
5:26            125.0        0.0        0.0         50         95       14.1        1.9     1006.6        0.0         35        1.2       0.00      0.000
5:27            125.0        0.0        0.0         50         95       14.1        2.0     1006.6        0.0         37        1.3       0.00      0.000
5:28            125.0        0.0        0.0         51         95       14.1        2.0     1006.5        0.0         37        1.3       0.00      0.000
5:29            125.0        0.0        0.0         51         95       14.1        2.1     1006.6        0.0         39        1.3       0.00      0.000
5:30            125.0        0.0        0.0         51         95       14.1        2.1     1006.5        0.0         40        1.3       0.00      0.000
5:31            125.0        0.0        0.0         51         95       14.1        2.1     1006.6        0.0         40        1.3       0.00      0.000
5:32            125.0        0.0        0.0         51         95       14.1        2.1     1006.6        0.0         42        1.4       0.00      0.000
5:33            125.0        0.0        0.0         51         95       14.1        2.1     1006.6        0.0         44        1.4       0.00      0.000
5:34            125.0        0.0        0.0         51         95       14.1        2.1     1006.7        0.0         44        1.4       0.00      0.000
5:35            125.0        0.0        0.0         51         95       14.1        2.2     1006.7        0.0         46        1.5       0.00      0.000
5:36            125.0        0.0        0.0         51         95       14.1        2.2     1006.6        0.0         46        1.5       0.00      0.000
5:37            125.0        0.0        0.0         51         95       14.1        2.2     1006.6        0.0         46        1.5       0.00      0.000
5:38            125.0        0.0        0.0         51         96       14.1        2.2     1006.6        0.0         49        1.7       0.00      0.000
5:39            125.0        0.0        0.0         51         96       14.1        2.2     1006.6        0.0         54        1.7       0.00      0.000
5:40            125.0        0.0        0.0         51         96       14.1        2.3     1006.6        0.0         56        1.7       0.00      0.000
5:41            125.0        0.0        0.0         51         96       14.1        2.3     1006.6        0.0         60        1.8       0.00      0.000
5:42            125.0        0.0        0.0         51         96       14.1        2.3     1006.6        0.0         65        1.8       0.00      0.000
5:43            125.0        0.0        0.0         51         96       13.9        2.4     1006.6        0.0         67        1.8       0.00      0.000
5:44            125.0        0.0        0.0         51         96       13.9        2.4     1006.6        0.0         63        1.9       0.00      0.000
5:45            125.0        0.0        0.0         51         96       13.9        2.5     1006.6        0.0         67        1.9       0.00      0.000
5:46            125.0        0.0        0.0         51         96       13.9        2.5     1006.6        0.0         72        1.9       0.00      0.000
5:47            125.0        0.0        0.0         51         96       13.9        2.6     1006.6        0.0         70        2.0       0.00      0.000
5:48            125.0        0.0        0.0         51         96       13.9        2.6     1006.6        0.0         65        2.0       0.00      0.000
5:49            125.0        0.0        0.0         51         96       13.9        2.7     1006.6        0.0         60        2.1       0.00      0.000
5:50            125.0        0.0        0.0         51         96       13.9        2.7     1006.6        0.0         62        2.1       0.00      0.000
5:51            125.0        0.0        0.0         51         96       13.9        2.7     1006.6        0.0         67        2.1       0.00      0.000
5:52            125.0        0.0        0.0         51         96       13.9        2.8     1006.6        0.0         83        2.2       0.00      0.000
5:53            125.0        0.0        0.0         51         96       13.9        2.8     1006.6        0.0         83        2.2       0.00      0.000
5:54            125.0        0.0        0.0         51         96       13.9        2.8     1006.6        0.0         77        2.3       0.00      0.000
5:55            125.0        0.0        0.0         51         96       13.9        2.9     1006.6        0.0         77        2.3       0.00      0.000
5:56            125.0        0.0        0.0         51         96       13.9        2.9     1006.6        0.0         77        2.4       0.00      0.000
5:57            125.0        0.0        0.0         51         96       13.9        2.9     1006.6        0.0         81        2.4       0.00      0.000
5:58            125.0        0.0        0.0         51         96       13.9        3.0     1006.6        0.0         93        2.4       0.00      0.000
5:58            125.0        0.0        0.0         51         96       13.9        3.1     1006.6        0.0         91        2.5       0.00      0.000
6:00            125.0        0.0        0.0         51         96       13.9        3.2     1006.6        0.0         98        2.6       0.00      0.000
6:01            125.0        0.0        0.0         51         96       13.9        3.2     1006.6        0.0        109        2.6       0.00      0.000
6:02            125.0        0.0        0.0         51         96       13.9        3.3     1006.6        0.0        104        2.7       0.00      0.000
6:03            125.0        0.0        0.0         51         96       13.9        3.3     1006.7        0.0        105        2.7       0.00      0.000
6:04            125.0        0.0        0.0         51         96       13.9        3.3     1006.7        0.0        118        2.8       0.00      0.000
6:05            125.0        0.0        0.0         51         96       13.9        3.4     1006.6        0.0        134        2.8       0.00      0.000
6:06            125.0        0.0        0.0         52         96       13.9        3.4     1006.7        0.0        132        2.9       0.00      0.000
6:07            125.0        0.0        0.0         52         96       13.9        3.5     1006.7        0.0        139        2.9       0.00      0.000
6:08            125.0        0.0        0.0         52         96       13.9        3.6     1006.7        0.0        137        3.0       0.00      0.000
6:09            125.0        0.0        0.0         52         96       13.9        3.7     1006.7        0.0        144        3.1       0.00      0.000
6:10            125.0        0.0        0.0         52         96       13.9        3.7     1006.7        0.0        144        3.1       0.00      0.000
6:11            125.0        0.0        0.0         52         96       13.9        3.8     1006.7        0.0        139        3.2       0.00      0.000
6:12            125.0        0.0        0.0         52         96       13.9        3.8     1006.7        0.0        141        3.3       0.00      0.000
6:13            125.0        0.0        0.0         52         96       13.9        3.8     1006.7        0.0        148        3.3       0.00      0.000
6:14            125.0        0.0        0.0         52         96       13.9        3.9     1006.7        0.0        153        3.4       0.00      0.000
6:15            125.0        0.0        0.0         52         96       13.8        4.0     1006.7        0.0        158        3.4       0.00      0.000
6:16            125.0        0.0        0.0         52         96       13.8        4.1     1006.7        0.0        151        3.5       0.00      0.000
6:17            125.0        0.0        0.0         52         96       13.8        4.2     1006.6        0.0        163        3.6       0.00      0.000
6:18            125.0        0.0        0.0         52         96       13.8        4.3     1006.7        0.0        165        3.8       0.00      0.000
6:19            125.0        0.0        0.0         52         97       13.8        4.4     1006.6        0.0        162        4.0       0.00      0.000
6:20            125.0        0.0        0.0         52         97       13.8        4.6     1006.6        0.0        160        4.1       0.00      0.000
6:21            125.0        0.0        0.0         52         97       13.8        4.7     1006.6        0.5        192        4.2       0.00      0.000
6:22            125.0        0.0        0.0         52         97       13.8        4.8     1006.6        0.5        179        4.3       0.00      0.000
6:23            125.0        0.0        0.0         52         97       13.8        4.8     1006.6        0.5        204        4.4       0.00      0.000
6:24            125.0        0.0        0.0         52         97       13.8        4.9     1006.6        0.5        185        4.5       0.00      0.000
6:25            125.0        0.0        0.0         52         97       13.8        5.0     1006.6        0.5        144        4.6       0.00      0.000
6:26            125.0        0.0        0.0         52         97       13.8        5.1     1006.6        0.5        211        4.6       0.00      0.000
6:27            125.0        0.0        0.0         52         97       13.8        5.2     1006.5        0.5        185        4.7       0.00      0.000
6:28            125.0        0.0        0.0         52         97       13.8        5.3     1006.5        0.5        144        4.8       0.00      0.000
6:29            125.0        0.0        0.0         53         97       13.8        5.3     1006.5        0.5        172        4.9       0.00      0.000
6:30            125.0        0.0        0.0         53         97       13.8        5.4     1006.6        0.5        186        5.0       0.00      0.000
6:31            125.0        0.0        0.0         53         97       13.8        5.5     1006.5        0.5        141        5.1       0.00      0.000
6:32            125.0        0.0        0.0         53         97       13.8        5.6     1006.6        0.5        116        5.1       0.00      0.000
6:33            125.0        0.0        0.0         53         97       13.8        5.6     1006.6        0.5        111        5.2       0.00      0.000
6:34            125.0        0.0        0.0         53         97       13.9        5.7     1006.6        0.5        111        5.2       0.00      0.000
6:35            125.0        0.0        0.0         53         97       13.9        5.7     1006.6        0.5        121        5.3       0.00      0.000
6:36            125.0        0.0        0.0         53         97       13.9        5.7     1006.6        0.5        127        5.3       0.00      0.000
6:37            125.0        0.0        0.0         53         97       13.9        5.8     1006.6        0.5        220        5.3       0.00      0.000
6:38            125.0        0.0        0.0         53         97       13.9        5.8     1006.6        0.5        218        5.3       0.00      0.000
6:39            125.0        0.0        0.0         53         97       13.9        5.8     1006.6        0.5        146        5.4       0.00      0.000
6:40            125.0        0.0        0.0         53         97       13.9        5.9     1006.6        0.5        169        5.5       0.00      0.000
6:41            125.0        0.0        0.0         53         97       13.9        5.9     1006.6        0.5        207        5.5       0.00      0.000
6:42            125.0        0.0        0.0         53         97       13.9        6.0     1006.6        0.5        181        5.6       0.00      0.000
6:43            125.0        0.0        0.0         53         97       13.9        6.1     1006.6        0.5        142        5.6       0.00      0.000
6:44            125.0        0.0        0.0         53         97       13.9        6.1     1006.6        0.5        172        5.6       0.00      0.000
6:45            125.0        0.0        0.0         53         97       13.9        6.1     1006.6        0.5        113        5.7       0.00      0.000
6:46            125.0        0.0        0.0         53         97       13.9        6.2     1006.6        0.5        102        5.7       0.00      0.000
6:47            125.0        0.0        0.0         53         97       13.9        6.2     1006.5        0.5        100        5.7       0.00      0.000
6:48            125.0        0.0        0.0         53         97       13.9        6.2     1006.5        0.6        135        5.8       0.00      0.000
6:49            125.0        0.0        0.0         53         97       13.9        6.2     1006.5        0.6        165        5.8       0.00      0.000
6:50            125.0        0.0        0.0         53         97       13.9        6.2     1006.6        0.6        137        5.8       0.00      0.000
6:51            125.0        0.0        0.0         53         97       13.9        6.3     1006.6        0.6        158        5.8       0.00      0.000
6:52            125.0        0.0        0.0         53         97       13.9        6.3     1006.5        0.6        229        5.9       0.00      0.000
6:53            125.0        1.6        1.6         54         96       13.9        6.4     1006.5        0.6        260        5.8       0.00      0.000
6:54            125.0        0.0        1.6         54         96       13.9        6.4     1006.5        0.6        257        5.9       0.00      0.000
6:55            125.0        0.0        0.0         54         97       13.9        6.5     1006.5        0.6        255        6.1       0.00      0.000
6:56            125.0        0.0        0.0         54         97       13.9        6.6     1006.5        0.7        258        6.1       0.00      0.000
6:57            125.0        0.0        0.0         54         97       13.9        6.6     1006.4        0.7        262        6.2       0.00      0.000
6:58            125.0        0.0        1.6         54         97       13.9        6.7     1006.5        0.7        262        6.2       0.00      0.000
6:58            125.0        0.0        0.0         54         97       13.9        6.7     1006.5        0.7        265        6.3       0.00      0.000
7:00            125.0        0.0        0.0         54         97       13.9        6.8     1006.4        0.7        267        6.4       0.00      0.000
7:01            125.0        0.0        0.0         54         97       13.9        6.9     1006.4        0.7        271        6.4       0.00      0.000
7:02            125.0        0.0        1.6         54         97       13.9        6.9     1006.4        0.7        274        6.5       0.00      0.000
7:03            125.0        0.0        1.6         54         97       13.9        7.1     1006.4        0.7        279        6.6       0.00      0.000
7:04            125.0        0.0        1.6         54         97       13.9        7.1     1006.4        0.7        279        6.7       0.00      0.000
7:05            125.0        0.0        1.6         54         97       13.9        7.2     1006.4        0.7        285        6.7       0.00      0.000
7:06            125.0        0.0        0.0         54         97       13.9        7.3     1006.4        0.7        287        6.8       0.00      0.000
7:07            125.0        0.0        1.6         54         97       13.9        7.3     1006.4        0.7        288        6.9       0.00      0.000
7:08            125.0        0.0        0.0         54         97       13.9        7.4     1006.5        0.7        292        6.9       0.00      0.000
7:09            125.0        0.0        1.6         54         97       13.9        7.5     1006.4        0.7        292        7.1       0.00      0.000
7:10            125.0        0.0        1.6         54         97       13.9        7.6     1006.4        0.7        292        7.1       0.00      0.000
7:11            125.0        0.0        0.0         54         97       14.1        7.6     1006.4        0.8        295        7.1       0.00      0.000
7:12            125.0        0.0        0.0         54         97       14.1        7.6     1006.4        0.8        301        7.2       0.00      0.000
7:13            125.0        0.0        0.0         54         97       14.1        7.7     1006.4        0.8        304        7.2       0.00      0.000
7:14            125.0        1.6        1.6         54         97       14.1        7.7     1006.4        0.8        306        7.3       0.00      0.000
7:15            125.0        1.6        3.2         54         97       14.1        7.8     1006.4        0.8        309        7.3       0.00      0.000
7:16            125.0        0.0        3.2         54         97       14.1        7.8     1006.4        0.8        311        7.4       0.00      0.000
7:17            125.0        0.0        1.6         54         97       14.1        7.9     1006.4        0.8        316        7.5       0.00      0.000
7:18            125.0        0.0        1.6         54         97       14.1        8.0     1006.4        0.8        325        7.6       0.00      0.000
7:19            125.0        0.0        3.2         54         97       14.1        8.1     1006.4        0.8        332        7.7       0.00      0.000
7:20            125.0        0.0        1.6         54         97       14.1        8.1     1006.3        0.8        322        7.7       0.00      0.000
7:21            125.0        0.0        0.0         54         97       14.1        8.2     1006.3        0.8        332        7.8       0.00      0.000
7:22            125.0        1.6        3.2         54         97       14.1        8.3     1006.3        0.8        320        7.8       0.00      0.000
7:23            125.0        1.6        3.2         54         97       14.1        8.3     1006.3        0.9        352        7.9       0.00      0.000
7:24            125.0        0.0        3.2         54         97       14.1        8.4     1006.3        0.9        387        8.0       0.00      0.000
7:25            125.0        4.8        4.8         54         97       14.1        8.5     1006.3        0.9        406        8.1       0.00      0.000
7:26            125.0        1.6        4.8         55         97       14.1        8.6     1006.2        0.9        432        8.1       0.00      0.000
7:27            125.0        0.0        3.2         55         97       14.1        8.6     1006.2        0.9        420        8.2       0.00      0.000
7:28            127.0        3.2        6.4         55         97       14.1        8.7     1006.2        0.8        420        8.2       0.00      0.000
7:29            127.0        0.0        6.4         55         97       14.1        8.7     1006.2        0.8        257        8.3       0.00      0.000
7:30            129.0        6.4        6.4         55         97       14.2        8.8     1006.2        0.8        288        8.3       0.00      0.000
7:31            129.0        3.2        6.4         55         97       14.2        8.8     1006.3        0.8        330        8.3       0.00      0.000
7:32            129.0        1.6        6.4         55         97       14.2        8.8     1006.2        0.7        213        8.4       0.00      0.000
7:33            129.0        1.6        4.8         55         97       14.2        8.9     1006.2        0.7        193        8.4       0.00      0.000
7:34            129.0        4.8        4.8         55         97       14.2        8.9     1006.2        0.7        183        8.5       0.00      0.000
7:35            129.0        3.2        6.4         55         96       14.2        8.9     1006.2        0.7        181        8.3       0.00      0.000
7:36            129.0        1.6        3.2         55         96       14.2        9.0     1006.2        0.7        192        8.4       0.00      0.000
7:37            129.0        1.6        3.2         55         96       14.2        9.1     1006.2        0.8        188        8.5       0.00      0.000
7:38            206.0        4.8        8.0         55         96       14.2        9.1     1006.2        0.8        197        8.5       0.00      0.000
7:39            206.0        1.6        6.4         55         96       14.3        9.1     1006.1        0.8        200        8.5       0.00      0.000
7:40            208.0        1.6        6.4         55         96       14.3        9.2     1006.1        0.8        209        8.6       0.00      0.000
7:41            210.0        3.2        6.4         55         96       14.3        9.2     1006.1        0.9        306        8.6       0.00      0.000
7:42            210.0        3.2        6.4         55         96       14.3        9.3     1006.1        0.8        306        8.7       0.00      0.000
7:43            210.0        0.0        4.8         55         96       14.3        9.3     1006.1        0.8        169        8.7       0.00      0.000
7:44            210.0        3.2        4.8         55         96       14.4        9.3     1006.1        0.8        160        8.7       0.00      0.000
7:45            210.0        6.4        6.4         55         96       14.4        9.4     1006.1        0.9        162        8.8       0.00      0.000
7:46            240.0        8.0        9.7         55         95       14.4        9.3     1006.1        0.9        176        8.6       0.00      0.000
7:47            240.0        3.2        9.7         55         95       14.4        9.3     1006.1        1.0        176        8.6       0.00      0.000
7:48            239.0        6.4        6.4         55         95       14.4        9.4     1006.1        1.1        262        8.6       0.00      0.000
7:49            257.0        6.4        9.7         55         94       14.4        9.4     1006.1        1.1        455        8.5       0.00      0.000
7:50            254.0        4.8        6.4         55         94       14.4        9.5     1006.1        1.1        473        8.6       0.00      0.000
7:51            248.0        4.8        6.4         55         94       14.4        9.6     1006.1        1.1        490        8.7       0.00      0.000
7:52            249.0        4.8        6.4         55         94       14.4        9.8     1006.1        1.1        504        8.9       0.00      0.000
7:53            231.0        8.0        9.7         55         93       14.4        9.8     1006.0        1.1        504        8.8       0.00      0.000
7:54            239.0        4.8        9.7         55         93       14.5       10.0     1006.0        1.1        503        8.9       0.00      0.000
7:55            237.0        4.8        6.4         55         92       14.5       10.1     1006.0        0.9        209        8.8       0.00      0.000
7:56            237.0        1.6        6.4         55         92       14.5       10.2     1006.0        0.9        206        8.9       0.00      0.000
7:57            237.0        1.6        3.2         55         92       14.5       10.3     1006.0        0.9        204        9.0       0.00      0.000
7:58            197.0        6.4       11.3         55         91       14.5       10.3     1006.0        0.9        204        8.9       0.00      0.000
7:59            196.0        3.2       11.3         55         90       14.5       10.4     1006.0        0.9        206        8.8       0.00      0.000
8:00            269.0        3.2        8.0         55         89       14.5       10.4     1005.9        1.0        207        8.7       0.00      0.000
8:01            249.0        0.0        8.0         55         89       14.5       10.4     1006.0        1.0        209        8.7       0.00      0.000
8:02            207.0        3.2        8.0         55         88       14.5       10.4     1005.9        1.0        207        8.5       0.00      0.000
8:03            212.0        3.2        9.7         55         88       14.6       10.4     1005.9        1.0        207        8.5       0.00      0.000
8:04            220.0        8.0        8.0         55         87       14.6       10.5     1005.9        1.1        214        8.4       0.00      0.000
8:05            225.0        4.8        9.7         55         86       14.6       10.6     1006.0        1.3        214        8.3       0.00      0.000
8:06            225.0        3.2        9.7         55         86       14.6       10.6     1006.0        1.3        489        8.3       0.00      0.000
8:07            225.0        6.4        6.4         55         86       14.6       10.7     1005.9        1.3        476        8.4       0.00      0.000
8:08            231.0        0.0        6.4         55         86       14.6       10.8     1006.0        1.3        475        8.5       0.00      0.000
8:09            221.0        3.2        6.4         55         85       14.6       10.8     1005.9        1.3        476        8.4       0.00      0.000
8:10            219.0        6.4        8.0         55         85       14.7       10.9     1005.9        1.3        466        8.5       0.00      0.000
8:11            261.0        6.4        9.7         55         84       14.7       11.1     1005.9        1.3        468        8.5       0.00      0.000
8:12            229.0       11.3       11.3         55         83       14.7       11.1     1005.9        1.4        482        8.3       0.00      0.000
8:13            237.0        6.4       11.3         55         83       14.7       11.2     1005.9        1.3        462        8.4       0.00      0.000
8:14            235.0        8.0       14.5         55         82       14.7       11.3     1005.9        1.3        455        8.3       0.00      0.000
8:15            237.0        4.8       14.5         55         81       14.7       11.3     1005.9        1.2        455        8.2       0.00      0.000
8:16            249.0        4.8       11.3         55         80       14.7       11.4     1005.8        1.1        211        8.1       0.00      0.000
8:17            224.0        9.7       11.3         55         79       14.7       11.4     1005.8        1.1        204        7.9       0.00      0.000
8:18            233.0        4.8       11.3         55         78       14.7       11.4     1005.8        1.1        204        7.7       0.00      0.000
8:19            237.0        6.4       12.9         55         78       14.7       11.4     1005.8        1.2        220        7.7       0.00      0.000
8:20            234.0        8.0       12.9         55         78       14.7       11.4     1005.9        1.3        243        7.7       0.00      0.000
8:21            238.0        9.7       14.5         55         77       14.7       11.4     1005.8        1.3        332        7.5       0.00      0.000
8:22            231.0        9.7        9.7         55         77       14.7       11.4     1005.8        1.3        285        7.5       0.00      0.000
8:23            248.0        4.8       11.3         55         78       14.7       11.4     1005.8        1.4        285        7.7       0.00      0.000
8:24            248.0        3.2        9.7         55         78       14.7       11.4     1005.8        1.3        285        7.7       0.00      0.000
8:25            243.0        1.6        9.7         55         78       14.7       11.6     1005.8        1.3        265        7.9       0.00      0.000
8:26            245.0        3.2        9.7         55         78       14.7       11.6     1005.9        1.3        278        7.9       0.00      0.000
8:27            243.0        8.0        8.0         55         78       14.7       11.7     1005.8        1.3        290        8.0       0.00      0.000
8:28            242.0        6.4        9.7         55         77       14.8       11.7     1005.8        1.4        380        7.8       0.00      0.000
8:29            237.0        4.8       11.3         55         76       14.8       11.7     1005.9        1.4        380        7.6       0.00      0.000
8:30            237.0        8.0       12.9         55         77       14.8       11.8     1005.9        1.3        380        7.9       0.00      0.000
8:31            243.0        6.4       12.9         55         76       14.8       11.8     1005.8        1.3        237        7.7       0.00      0.000
8:32            241.0        9.7        9.7         55         76       14.8       11.8     1005.8        1.3        237        7.7       0.00      0.000
8:33            233.0        6.4        9.7         55         75       14.8       11.8     1005.8        1.3        265        7.5       0.00      0.000
8:34            233.0        1.6        8.0         55         76       14.8       11.8     1005.9        1.4        272        7.7       0.00      0.000
8:35            226.0        6.4        6.4         55         76       14.8       11.8     1005.8        1.4        272        7.7       0.00      0.000
8:36            224.0        6.4        9.7         55         76       14.8       11.9     1005.8        1.4        339        7.8       0.00      0.000
8:37            220.0        4.8        9.7         55         76       14.9       11.9     1005.8        1.5        339        7.9       0.00      0.000
8:38            216.0        3.2        6.4         55         75       14.9       11.9     1005.8        1.6        475        7.7       0.00      0.000
8:39            216.0        4.8        6.4         55         76       14.9       12.0     1005.7        1.6        441        7.9       0.00      0.000
8:40            231.0        9.7       14.5         55         75       14.9       12.1     1005.7        1.6        473        7.8       0.00      0.000
8:41            246.0        4.8       14.5         55         74       14.9       12.1     1005.8        1.5        473        7.6       0.00      0.000
8:42            211.0        8.0       11.3         55         74       15.0       12.2     1005.8        1.5        325        7.7       0.00      0.000
8:43            224.0        6.4        9.7         55         74       15.0       12.2     1005.8        1.7        571        7.7       0.00      0.000
8:44            247.0        6.4        8.0         55         75       15.0       12.3     1005.7        1.8        571        8.0       0.00      0.000
8:45            244.0        4.8       11.3         55         75       15.0       12.4     1005.7        1.8        575        8.1       0.00      0.000
8:46            252.0        8.0        9.7         55         74       15.0       12.5     1005.7        1.7        598        8.0       0.00      0.000
8:47            233.0        6.4        9.7         55         74       15.0       12.6     1005.8        1.7        568        8.1       0.00      0.000
8:48            234.0        6.4        8.0         55         74       15.0       12.6     1005.7        1.5        411        8.1       0.00      0.000
8:49            225.0        4.8        8.0         55         74       15.0       12.7     1005.7        1.5        338        8.2       0.00      0.000
8:50            224.0        4.8        6.4         55         74       15.1       12.8     1005.7        1.5        339        8.3       0.00      0.000
8:51            227.0        8.0        8.0         55         74       15.1       12.8     1005.7        1.4        299        8.3       0.00      0.000
8:52            206.0        9.7        9.7         55         74       15.1       12.9     1005.7        1.3        285        8.4       0.00      0.000
8:53            212.0        8.0        9.7         55         73       15.1       12.9     1005.7        1.3        283        8.2       0.00      0.000
8:54            206.0       11.3       14.5         55         72       15.1       12.9     1005.7        1.3        278        8.0       0.00      0.000
8:55            217.0        4.8       14.5         55         71       15.1       12.9     1005.7        1.3        276        7.8       0.00      0.000
8:56            237.0       11.3       11.3         55         71       15.2       12.9     1005.7        1.3        278        7.8       0.00      0.000
8:57            218.0        4.8       12.9         55         71       15.2       12.9     1005.7        1.3        279        7.8       0.00      0.000
8:58            210.0        1.6        8.0         55         71       15.2       12.9     1005.7        1.3        288        7.8       0.00      0.000
8:59            231.0        4.8       11.3         55         71       15.2       12.9     1005.6        1.3        292        7.8       0.00      0.000
9:00            226.0        8.0        9.7         55         70       15.2       12.9     1005.6        1.3        276        7.6       0.00      0.000
9:01            211.0        3.2       11.3         55         70       15.2       12.9     1005.6        1.2        262        7.6       0.00      0.000
9:02            231.0       11.3       14.5         55         70       15.2       12.9     1005.6        1.2        255        7.6       0.00      0.000
9:03            201.0        3.2       14.5         55         70       15.2       12.9     1005.6        1.2        250        7.6       0.00      0.000
9:04            253.0        6.4       12.9         55         69       15.2       12.9     1005.6        1.2        246        7.3       0.00      0.000
9:05            226.0        4.8       12.9         55         69       15.2       12.9     1005.6        1.2        248        7.3       0.00      0.000
9:06            237.0        8.0       11.3         55         69       15.3       12.8     1005.6        1.2        262        7.3       0.00      0.000
9:07            247.0        8.0        9.7         55         69       15.3       12.8     1005.6        1.3        274        7.3       0.00      0.000
9:08            254.0        4.8       11.3         55         69       15.3       12.8     1005.6        1.3        283        7.3       0.00      0.000
9:09            236.0        9.7       11.3         55         69       15.3       12.8     1005.7        1.3        287        7.3       0.00      0.000
9:10            258.0        4.8        9.7         55         69       15.3       12.8     1005.6        1.3        283        7.3       0.00      0.000
9:11            213.0        6.4       12.9         55         69       15.3       12.9     1005.6        1.3        271        7.3       0.00      0.000
9:12            224.0        8.0       12.9         55         69       15.3       12.9     1005.6        1.3        265        7.3       0.00      0.000
9:13            216.0        4.8       11.3         55         70       15.3       12.9     1005.6        1.3        258        7.6       0.00      0.000
9:14            219.0        6.4        9.7         55         70       15.4       12.9     1005.6        1.3        255        7.6       0.00      0.000
9:15            213.0        4.8       14.5         55         70       15.4       12.9     1005.6        1.3        255        7.6       0.00      0.000
9:16            214.0        6.4        6.4         55         70       15.4       12.9     1005.6        1.3        257        7.6       0.00      0.000
9:17            213.0        1.6        6.4         55         70       15.4       13.0     1005.6        1.3        262        7.7       0.00      0.000
9:18            262.0        8.0        9.7         55         70       15.4       13.0     1005.7        1.3        265        7.7       0.00      0.000
9:19            220.0        4.8        9.7         55         69       15.4       13.0     1005.6        1.3        264        7.5       0.00      0.000
9:20            209.0        6.4       11.3         55         69       15.4       13.0     1005.6        1.3        267        7.5       0.00      0.000
9:21            253.0        4.8        8.0         55         68       15.5       13.1     1005.6        1.4        271        7.3       0.00      0.000
9:22            166.0        6.4        8.0         55         68       15.5       13.1     1005.6        1.4        276        7.3       0.00      0.000
9:23            238.0        3.2       11.3         55         67       15.5       13.1     1005.6        1.4        285        7.1       0.00      0.000
9:24            218.0        4.8       14.5         55         67       15.5       13.1     1005.7        1.4        292        7.1       0.00      0.000
9:25            218.0        3.2        9.7         55         66       15.5       13.1     1005.7        1.5        292        6.9       0.00      0.000
9:26            212.0        1.6        9.7         55         67       15.5       13.1     1005.7        1.5        294        7.1       0.00      0.000
9:27            214.0        8.0        8.0         55         67       15.6       13.1     1005.7        1.5        299        7.1       0.00      0.000
9:28            187.0        4.8       11.3         55         67       15.6       13.2     1005.6        1.5        299        7.2       0.00      0.000
9:29            206.0        6.4        8.0         54         67       15.6       13.2     1005.7        1.5        295        7.2       0.00      0.000
9:30            223.0        3.2        8.0         54         68       15.6       13.2     1005.6        1.5        294        7.5       0.00      0.000
9:31            226.0       11.3       11.3         54         68       15.6       13.3     1005.6        1.5        294        7.5       0.00      0.000
9:32            204.0        6.4       11.3         54         67       15.6       13.3     1005.6        1.5        292        7.3       0.00      0.000
9:33            214.0        4.8        8.0         54         67       15.6       13.3     1005.6        1.4        290        7.3       0.00      0.000
9:34            245.0        4.8        8.0         54         67       15.6       13.3     1005.6        1.4        287        7.3       0.00      0.000
9:35            240.0        3.2        8.0         54         67       15.7       13.3     1005.6        1.4        283        7.3       0.00      0.000
9:36            233.0        8.0        9.7         54         66       15.7       13.4     1005.6        1.4        288        7.2       0.00      0.000
9:37            194.0        8.0       14.5         54         66       15.7       13.4     1005.6        1.5        294        7.2       0.00      0.000
9:38            245.0        8.0       11.3         54         66       15.7       13.4     1005.6        1.5        302        7.2       0.00      0.000
9:39            232.0        3.2        8.0         54         65       15.7       13.4     1005.6        1.5        297        7.0       0.00      0.000
9:40            233.0        0.0        4.8         54         66       15.7       13.4     1005.6        1.4        294        7.2       0.00      0.000
9:41            233.0        6.4        9.7         54         66       15.7       13.5     1005.6        1.4        287        7.3       0.00      0.000
9:42            223.0        1.6       11.3         54         66       15.7       13.5     1005.6        1.4        285        7.3       0.00      0.000
9:43            223.0        6.4        8.0         54         66       15.7       13.6     1005.5        1.4        288        7.3       0.00      0.000
9:44            223.0        1.6        6.4         54         67       15.7       13.6     1005.6        1.4        295        7.6       0.00      0.000
9:45            222.0        1.6        4.8         54         68       15.7       13.7     1005.6        1.5        304        7.9       0.00      0.000
9:46            223.0        4.8        4.8         54         67       15.7       13.7     1005.6        1.5        322        7.7       0.00      0.000
9:47            222.0        4.8        4.8         54         67       15.7       13.8     1005.5        1.6        364        7.8       0.00      0.000
9:48            199.0        6.4        9.7         54         67       15.8       13.8     1005.5        1.7        350        7.8       0.00      0.000
9:49            198.0        6.4        9.7         54         67       15.8       13.9     1005.5        1.8        418        7.9       0.00      0.000
9:50            173.0        8.0        9.7         54         66       15.8       13.9     1005.5        1.7        353        7.6       0.00      0.000
9:51            169.0        6.4        9.7         54         66       15.8       13.9     1005.5        1.7        330        7.7       0.00      0.000
9:52            164.0        3.2        6.4         54         66       15.8       13.9     1005.5        1.7        332        7.7       0.00      0.000
9:53            197.0        9.7        9.7         54         66       15.8       14.0     1005.4        1.7        346        7.8       0.00      0.000
9:54            209.0        3.2       12.9         54         66       15.9       14.0     1005.4        1.7        352        7.8       0.00      0.000
9:55            219.0        9.7        9.7         54         67       15.9       14.1     1005.4        1.8        353        8.0       0.00      0.000
9:56            212.0        1.6        9.7         54         66       15.9       14.1     1005.4        1.8        357        7.8       0.00      0.000
9:57            212.0        4.8        8.0         54         65       15.9       14.1     1005.4        1.8        357        7.6       0.00      0.000
9:58            206.0        4.8        8.0         54         64       15.9       14.1     1005.4        1.8        348        7.4       0.00      0.000
9:59            206.0        1.6        8.0         54         65       16.0       14.2     1005.4        2.0        422        7.7       0.00      0.000
10:00           193.0        4.8        6.4         54         65       16.0       14.2     1005.4        1.9        360        7.7       0.00      0.000
10:01           201.0        8.0        9.7         54         64       16.0       14.2     1005.4        1.9        359        7.5       0.00      0.000
10:02           235.0        8.0        8.0         54         64       16.0       14.3     1005.4        1.9        348        7.6       0.00      0.000
10:03           227.0        4.8        8.0         54         65       16.0       14.3     1005.4        2.0        355        7.8       0.00      0.000
10:04           225.0        1.6        4.8         54         64       16.1       14.4     1005.4        2.0        380        7.7       0.00      0.000
10:05           195.0        4.8        8.0         54         64       16.1       14.4     1005.4        2.0        353        7.7       0.00      0.000
10:06           195.0        4.8        8.0         54         65       16.1       14.5     1005.4        2.0        353        8.0       0.00      0.000
10:07           209.0        6.4        8.0         54         64       16.1       14.6     1005.4        2.0        338        7.8       0.00      0.000
10:08           210.0        0.0        6.4         54         64       16.1       14.6     1005.4        2.0        330        7.8       0.00      0.000
10:09           209.0        3.2        6.4         54         64       16.2       14.6     1005.3        2.0        325        7.8       0.00      0.000
10:10           233.0        3.2        6.4         54         65       16.2       14.7     1005.4        2.0        304        8.2       0.00      0.000
10:11           241.0        4.8        8.0         54         64       16.2       14.7     1005.3        1.9        294        7.9       0.00      0.000
10:12           215.0        6.4        9.7         54         64       16.2       14.7     1005.4        1.8        292        7.9       0.00      0.000
10:13           215.0        4.8        8.0         54         63       16.2       14.7     1005.3        1.8        285        7.7       0.00      0.000
10:14           230.0        6.4       11.3         54         65       16.3       14.7     1005.3        1.7        279        8.2       0.00      0.000
10:15           265.0        8.0       11.3         54         64       16.3       14.7     1005.3        1.7        271        7.9       0.00      0.000
10:16           208.0        3.2       12.9         54         64       16.3       14.7     1005.3        1.7        257        7.9       0.00      0.000
10:17           234.0        9.7       11.3         54         63       16.3       14.7     1005.3        1.6        251        7.7       0.00      0.000
10:18           238.0        3.2       12.9         54         63       16.3       14.6     1005.3        1.6        244        7.7       0.00      0.000
10:19           257.0        4.8        8.0         54         63       16.3       14.6     1005.3        1.6        237        7.6       0.00      0.000
10:20           258.0        3.2        9.7         54         63       16.3       14.5     1005.3        1.6        237        7.5       0.00      0.000
10:21           261.0        1.6        9.7         54         64       16.3       14.5     1005.3        1.7        237        7.8       0.00      0.000
10:22           227.0        8.0       11.3         53         64       16.3       14.5     1005.3        1.7        246        7.8       0.00      0.000
10:23           233.0        3.2       11.3         53         64       16.3       14.4     1005.3        1.8        257        7.7       0.00      0.000
10:24           230.0        8.0        8.0         53         65       16.3       14.5     1005.3        1.9        274        8.0       0.00      0.000
10:25           206.0        4.8       11.3         53         65       16.3       14.4     1005.3        2.1        304        8.0       0.00      0.000
10:26           179.0        6.4       12.9         53         65       16.3       14.5     1005.3        2.2        330        8.0       0.00      0.000
10:27           188.0        3.2        8.0         53         65       16.4       14.5     1005.3        2.4        330        8.0       0.00      0.000
10:28           193.0        8.0        9.7         53         66       16.4       14.6     1005.3        2.4        431        8.3       0.00      0.000
10:29           222.0        4.8        9.7         53         66       16.4       14.6     1005.3        2.5        538        8.3       0.00      0.000
10:30           247.0        8.0        9.7         53         66       16.4       14.7     1005.3        2.5        501        8.4       0.00      0.000
