19/3/17
Time         Wind Dir   Wind Spd  Wind Gust     Hum In   Humidity    Temp In       Temp  Raw Barom         UV      Solar  Dew Point  DailyRain   RainRate
                    °      km/hr      km/hr          %          %         °C         °C        hPa                 W/sqm         °C         mm      mm/hr
19:37           247.5        8.0       12.9         69         91       14.1       11.7     1001.5        0.0          0       10.3       0.00      0.000
19:38           247.5        9.7       19.3         69         91       14.1       11.7     1001.4        0.0          0       10.3       0.00      0.000
19:39           247.5        8.0       17.7         69         91       14.1       11.7     1001.4        0.0          0       10.3       0.00      0.000
19:40           202.5        6.4       11.3         69         91       14.1       11.7     1001.4        0.0          0       10.3       0.00      0.000
19:41           225.0        8.0       14.5         69         92       14.1       11.7     1001.4        0.0          0       10.4       0.00      0.000
19:42           225.0        9.7       12.9         69         92       14.1       11.7     1001.5        0.0          0       10.4       0.00      0.000
19:43           225.0       11.3       17.7         69         92       14.1       11.7     1001.5        0.0          0       10.4       0.00      0.000
19:44           247.5        9.7       17.7         69         92       14.1       11.7     1001.4        0.0          0       10.4       0.00      0.000
19:45           247.5        8.0       14.5         69         92       14.1       11.7     1001.4        0.0          0       10.4       0.00      0.000
19:46           225.0        9.7       11.3         69         92       14.1       11.7     1001.4        0.0          0       10.4       0.00      0.000
19:47           270.0        6.4        9.7         69         92       14.1       11.7     1001.4        0.0          0       10.4       0.00      0.000
19:48           270.0        8.0       12.9         69         92       14.1       11.7     1001.5        0.0          0       10.4       0.00      0.000
19:49           225.0        8.0       14.5         69         92       14.1       11.7     1001.5        0.0          0       10.4       0.00      0.000
19:50           247.5        9.7       14.5         69         92       14.1       11.6     1001.5        0.0          0       10.4       0.00      0.000
19:51           247.5        8.0       11.3         69         92       14.1       11.7     1001.5        0.0          0       10.4       0.00      0.000
19:52           247.5        8.0       16.1         69         92       14.1       11.6     1001.5        0.0          0       10.4       0.00      0.000
19:53           225.0        9.7       16.1         69         92       14.1       11.7     1001.5        0.0          0       10.4       0.00      0.000
19:54           225.0       11.3       19.3         69         92       14.1       11.7     1001.5        0.0          0       10.4       0.00      0.000
19:55           247.5        9.7       14.5         69         92       14.1       11.7     1001.4        0.0          0       10.4       0.00      0.000
19:56           225.0        6.4       11.3         69         92       14.1       11.6     1001.4        0.0          0       10.4       0.00      0.000
19:57           225.0        8.0       14.5         69         92       14.1       11.7     1001.4        0.0          0       10.4       0.00      0.000
19:58           225.0        6.4       11.3         69         92       14.1       11.7     1001.4        0.0          0       10.4       0.00      0.000
19:59           225.0        6.4        9.7         69         92       14.1       11.7     1001.4        0.0          0       10.4       0.00      0.000
20:00           225.0        4.8       11.3         69         92       14.1       11.7     1001.5        0.0          0       10.4       0.00      0.000
20:01           225.0        6.4       11.3         69         92       14.1       11.7     1001.5        0.0          0       10.4       0.00      0.000
20:02           247.5        8.0       12.9         69         92       14.1       11.7     1001.4        0.0          0       10.4       0.00      0.000
20:03           225.0        6.4       11.3         69         92       14.1       11.7     1001.4        0.0          0       10.4       0.00      0.000
20:04           225.0        6.4       11.3         69         92       14.1       11.7     1001.4        0.0          0       10.4       0.00      0.000
20:05           247.5        6.4       11.3         69         92       14.1       11.7     1001.4        0.0          0       10.4       0.00      0.000
20:06           247.5        6.4        9.7         69         92       14.1       11.6     1001.4        0.0          0       10.4       0.00      0.000
20:07           225.0        8.0       11.3         69         92       14.1       11.7     1001.4        0.0          0       10.4       0.00      0.000
20:08           225.0        9.7       14.5         69         92       14.1       11.6     1001.4        0.0          0       10.4       0.00      0.000
20:09           225.0        8.0       11.3         69         92       14.1       11.6     1001.3        0.0          0       10.4       0.00      0.000
20:10           225.0        8.0       16.1         69         92       14.1       11.6     1001.3        0.0          0       10.4       0.00      0.000
20:11           225.0        6.4       11.3         69         92       14.1       11.6     1001.4        0.0          0       10.4       0.00      0.000
20:12           225.0        6.4        8.0         69         92       14.1       11.6     1001.4        0.0          0       10.4       0.00      0.000
20:13           202.5        6.4       14.5         69         92       14.1       11.6     1001.4        0.0          0       10.3       0.00      0.000
20:14           225.0        8.0       12.9         69         92       14.1       11.6     1001.3        0.0          0       10.3       0.00      0.000
20:15           225.0        8.0       12.9         69         92       14.1       11.6     1001.3        0.0          0       10.3       0.00      0.000
20:16           225.0        8.0       14.5         69         93       14.1       11.6     1001.3        0.0          0       10.5       0.00      0.000
20:17           225.0        9.7       14.5         69         93       14.1       11.6     1001.3        0.0          0       10.5       0.00      0.000
20:18           225.0        9.7       12.9         69         93       14.1       11.5     1001.3        0.0          0       10.4       0.00      0.000
20:19           225.0        8.0       11.3         69         93       14.1       11.5     1001.2        0.0          0       10.4       0.00      0.000
20:20           225.0        4.8       11.3         69         93       14.1       11.5     1001.3        0.0          0       10.4       0.00      0.000
20:21           225.0        9.7       16.1         69         93       14.1       11.5     1001.3        0.0          0       10.4       0.00      0.000
20:22           225.0        6.4       16.1         69         93       14.1       11.5     1001.3        0.0          0       10.4       0.00      0.000
20:23           247.5       11.3       24.1         69         93       14.1       11.5     1001.3        0.0          0       10.4       0.00      0.000
20:24           247.5        9.7       17.7         69         93       14.1       11.5     1001.2        0.0          0       10.4       0.00      0.000
20:25           247.5        9.7       16.1         69         93       14.1       11.5     1001.3        0.0          0       10.4       0.00      0.000
20:26           225.0        6.4        9.7         69         93       14.1       11.5     1001.2        0.0          0       10.4       0.00      0.000
20:27           225.0        4.8        8.0         69         93       14.1       11.5     1001.2        0.0          0       10.4       0.00      0.000
20:28           225.0        4.8        8.0         69         93       14.1       11.5     1001.2        0.0          0       10.4       0.00      0.000
20:29           225.0        6.4       12.9         69         93       14.1       11.5     1001.2        0.0          0       10.4       0.00      0.000
20:30           225.0        6.4       11.3         69         93       13.9       11.5     1001.2        0.0          0       10.4       0.00      0.000
20:31           225.0        8.0       14.5         69         93       13.9       11.5     1001.3        0.0          0       10.4       0.00      0.000
20:32           225.0        9.7       17.7         69         93       13.9       11.5     1001.2        0.0          0       10.4       0.00      0.000
20:33           225.0        9.7       17.7         69         93       13.9       11.5     1001.2        0.0          0       10.4       0.00      0.000
20:34           225.0        8.0       12.9         69         93       13.9       11.4     1001.2        0.0          0       10.4       0.00      0.000
20:35           225.0        9.7       12.9         69         93       13.9       11.5     1001.2        0.0          0       10.4       0.00      0.000
20:36           225.0        8.0       12.9         69         93       13.9       11.4     1001.3        0.0          0       10.4       0.00      0.000
20:37           225.0        6.4       11.3         69         93       13.9       11.4     1001.3        0.0          0       10.4       0.00      0.000
20:38           225.0        8.0       12.9         69         93       13.9       11.4     1001.3        0.0          0       10.4       0.00      0.000
20:39           225.0        8.0       12.9         69         93       13.9       11.4     1001.3        0.0          0       10.4       0.00      0.000
20:40           157.5        6.4        9.7         69         93       13.9       11.4     1001.2        0.0          0       10.4       0.00      0.000
20:41           225.0        8.0       11.3         69         93       13.9       11.4     1001.2        0.0          0       10.4       0.00      0.000
20:42           202.5        8.0       14.5         69         93       13.9       11.4     1001.2        0.0          0       10.4       0.00      0.000
20:43           225.0        8.0       14.5         69         93       13.9       11.4     1001.3        0.0          0       10.4       0.00      0.000
20:44           225.0       11.3       19.3         69         93       13.9       11.4     1001.2        0.0          0       10.3       0.00      0.000
20:45           225.0       12.9       27.4         69         93       13.9       11.4     1001.3        0.0          0       10.3       0.00      0.000
20:46           225.0        8.0       14.5         69         93       13.9       11.4     1001.3        0.0          0       10.3       0.00      0.000
20:47           225.0        6.4        9.7         69         93       13.9       11.4     1001.3        0.0          0       10.3       0.00      0.000
20:48           225.0        4.8       11.3         69         93       13.9       11.4     1001.3        0.0          0       10.3       0.00      0.000
20:49           225.0       12.9       17.7         69         93       13.9       11.4     1001.3        0.0          0       10.3       0.00      0.000
20:50           225.0        6.4       14.5         70         93       13.9       11.4     1001.3        0.0          0       10.3       0.00      0.000
20:51           225.0        9.7       16.1         69         93       13.9       11.3     1001.4        0.0          0       10.2       0.00      0.000
20:52           225.0        9.7       16.1         69         93       13.9       11.3     1001.3        0.0          0       10.2       0.00      0.000
20:53           225.0        8.0       20.9         70         93       13.9       11.3     1001.4        0.0          0       10.2       0.00      0.000
20:54           225.0        8.0       17.7         70         93       13.9       11.3     1001.3        0.0          0       10.2       0.00      0.000
20:55           247.5        8.0       11.3         70         93       13.9       11.3     1001.4        0.0          0       10.2       0.00      0.000
20:56           247.5        4.8        8.0         70         93       13.9       11.3     1001.3        0.0          0       10.2       0.00      0.000
20:57           247.5        6.4       14.5         70         93       13.9       11.3     1001.3        0.0          0       10.2       0.00      0.000
20:58           225.0        4.8       11.3         70         93       13.9       11.3     1001.3        0.0          0       10.2       0.00      0.000
20:59           225.0        6.4       12.9         70         93       13.9       11.3     1001.3        0.0          0       10.2       0.00      0.000
21:00           225.0        8.0       11.3         70         93       13.9       11.3     1001.3        0.0          0       10.2       0.00      0.000
21:01           225.0        8.0       11.3         70         93       13.9       11.3     1001.3        0.0          0       10.2       0.00      0.000
21:02           225.0        6.4        8.0         70         93       13.9       11.3     1001.3        0.0          0       10.2       0.00      0.000
21:03           225.0        4.8        8.0         70         93       13.9       11.3     1001.3        0.0          0       10.2       0.00      0.000
21:04           225.0        9.7       14.5         70         93       13.9       11.3     1001.4        0.0          0       10.2       0.00      0.000
21:05           225.0        8.0        9.7         70         93       13.9       11.3     1001.3        0.0          0       10.2       0.00      0.000
21:06           225.0        8.0       12.9         70         93       13.9       11.3     1001.4        0.0          0       10.2       0.00      0.000
21:07           225.0        9.7       14.5         70         93       13.9       11.3     1001.4        0.0          0       10.2       0.00      0.000
21:08           225.0        6.4        8.0         70         93       13.9       11.3     1001.4        0.0          0       10.2       0.00      0.000
21:09           225.0        4.8       11.3         70         93       13.9       11.3     1001.4        0.0          0       10.2       0.00      0.000
21:10           225.0        6.4        9.7         70         93       13.9       11.3     1001.3        0.0          0       10.2       0.00      0.000
21:11           247.5        8.0       11.3         70         93       13.9       11.3     1001.4        0.0          0       10.2       0.00      0.000
21:12           225.0        4.8        8.0         70         93       13.9       11.3     1001.4        0.0          0       10.2       0.00      0.000
21:13           225.0        8.0       11.3         70         93       13.9       11.3     1001.4        0.0          0       10.2       0.00      0.000
21:14           247.5        9.7       12.9         70         93       13.9       11.3     1001.4        0.0          0       10.2       0.00      0.000
21:15           247.5        8.0       16.1         70         93       13.9       11.3     1001.3        0.0          0       10.2       0.00      0.000
21:16           225.0        8.0       16.1         70         93       13.9       11.3     1001.4        0.0          0       10.2       0.00      0.000
21:17           225.0        6.4        9.7         70         93       13.9       11.3     1001.4        0.0          0       10.2       0.00      0.000
21:18           225.0        9.7       16.1         70         93       13.9       11.3     1001.4        0.0          0       10.2       0.00      0.000
21:19           202.5        4.8       11.3         70         93       13.9       11.3     1001.3        0.0          0       10.2       0.00      0.000
21:20           225.0        8.0       12.9         70         93       13.9       11.3     1001.3        0.0          0       10.2       0.00      0.000
21:21           225.0        9.7       14.5         70         94       13.9       11.3     1001.3        0.0          0       10.3       0.00      0.000
21:22           247.5        8.0       12.9         70         93       13.9       11.3     1001.3        0.0          0       10.2       0.00      0.000
21:23           225.0        6.4       16.1         70         94       13.9       11.3     1001.4        0.0          0       10.3       0.00      0.000
21:24           225.0        8.0       12.9         70         94       13.9       11.3     1001.4        0.0          0       10.3       0.00      0.000
21:25           225.0        3.2        8.0         70         94       13.9       11.3     1001.4        0.0          0       10.3       0.00      0.000
21:26           225.0        3.2        9.7         70         94       13.9       11.3     1001.4        0.0          0       10.3       0.00      0.000
21:27           225.0        4.8       11.3         70         94       13.9       11.3     1001.4        0.0          0       10.3       0.00      0.000
21:28           225.0        6.4       11.3         70         94       13.9       11.3     1001.4        0.0          0       10.3       0.00      0.000
21:29           225.0        8.0       12.9         70         94       13.9       11.3     1001.4        0.0          0       10.3       0.00      0.000
21:30           247.5       12.9       17.7         70         94       13.9       11.3     1001.4        0.0          0       10.3       0.00      0.000
21:31           225.0        8.0       16.1         70         94       13.9       11.2     1001.4        0.0          0       10.3       0.00      0.000
21:32           225.0        9.7       14.5         70         94       13.8       11.2     1001.5        0.0          0       10.3       0.00      0.000
21:33           225.0        8.0       12.9         70         94       13.8       11.2     1001.5        0.0          0       10.3       0.00      0.000
21:34           225.0       11.3       16.1         70         94       13.8       11.2     1001.5        0.0          0       10.3       0.00      0.000
21:35           225.0        9.7       17.7         70         94       13.8       11.2     1001.5        0.0          0       10.3       0.00      0.000
21:36           225.0        8.0       14.5         70         94       13.8       11.2     1001.5        0.0          0       10.3       0.00      0.000
21:37           225.0        6.4       11.3         70         94       13.8       11.2     1001.5        0.0          0       10.3       0.00      0.000
21:38           225.0        3.2        8.0         70         94       13.8       11.2     1001.5        0.0          0       10.3       0.00      0.000
21:39           225.0        4.8        8.0         70         94       13.8       11.2     1001.5        0.0          0       10.3       0.00      0.000
21:40           225.0       12.9       19.3         70         94       13.8       11.2     1001.5        0.0          0       10.3       0.00      0.000
21:41           225.0       11.3       16.1         70         94       13.8       11.2     1001.5        0.0          0       10.3       0.00      0.000
21:42           247.5        3.2        8.0         70         94       13.8       11.2     1001.5        0.0          0       10.3       0.00      0.000
21:43           247.5        4.8       12.9         70         94       13.8       11.2     1001.5        0.0          0       10.3       0.00      0.000
21:44           247.5        6.4       11.3         70         94       13.8       11.2     1001.5        0.0          0       10.3       0.00      0.000
21:45           225.0        6.4        9.7         70         94       13.8       11.2     1001.5        0.0          0       10.3       0.00      0.000
21:46           225.0        6.4       12.9         70         94       13.8       11.2     1001.5        0.0          0       10.3       0.00      0.000
21:47           225.0        4.8        9.7         70         94       13.8       11.2     1001.5        0.0          0       10.3       0.00      0.000
21:48           225.0        6.4       11.3         70         94       13.8       11.2     1001.5        0.0          0       10.3       0.00      0.000
21:49           247.5        3.2        6.4         70         94       13.8       11.2     1001.4        0.0          0       10.3       0.00      0.000
21:50           247.5        8.0       17.7         70         94       13.8       11.2     1001.4        0.0          0       10.3       0.00      0.000
21:51           225.0        8.0       14.5         70         93       13.8       11.2     1001.4        0.0          0       10.1       0.00      0.000
21:52           225.0        8.0       11.3         70         94       13.8       11.2     1001.4        0.0          0       10.3       0.00      0.000
21:53           225.0        6.4       12.9         70         94       13.8       11.2     1001.4        0.0          0       10.2       0.00      0.000
21:54           225.0        6.4        9.7         70         93       13.8       11.2     1001.4        0.0          0       10.1       0.00      0.000
21:55           225.0        3.2        8.0         70         94       13.8       11.2     1001.3        0.0          0       10.2       0.00      0.000
21:56           225.0        6.4       12.9         70         93       13.8       11.2     1001.3        0.0          0       10.1       0.00      0.000
21:57           225.0        3.2       11.3         70         93       13.8       11.2     1001.4        0.0          0       10.1       0.00      0.000
21:58           247.5        4.8        9.7         70         93       13.8       11.2     1001.4        0.0          0       10.1       0.00      0.000
21:59           247.5        3.2        8.0         70         93       13.8       11.2     1001.3        0.0          0       10.1       0.00      0.000
22:00           247.5        1.6        3.2         70         93       13.8       11.2     1001.3        0.0          0       10.1       0.00      0.000
22:01           202.5        6.4        9.7         70         93       13.8       11.2     1001.2        0.0          0       10.1       0.00      0.000
22:02           202.5        4.8        8.0         70         94       13.8       11.2     1001.2        0.0          0       10.2       0.00      0.000
22:03           225.0        4.8       11.3         70         94       13.7       11.2     1001.2        0.0          0       10.2       0.00      0.000
22:04           225.0        4.8       11.3         70         94       13.7       11.2     1001.2        0.0          0       10.2       0.00      0.000
22:05           180.0        8.0       11.3         70         94       13.7       11.2     1001.3        0.0          0       10.2       0.00      0.000
22:06           202.5        4.8        9.7         70         94       13.7       11.2     1001.3        0.0          0       10.2       0.00      0.000
22:07           225.0        4.8        9.7         70         94       13.7       11.2     1001.2        0.0          0       10.2       0.00      0.000
22:08           225.0        3.2        4.8         70         94       13.7       11.1     1001.2        0.0          0       10.2       0.00      0.000
22:09           225.0        3.2        6.4         70         94       13.7       11.2     1001.2        0.0          0       10.2       0.00      0.000
22:10           225.0        4.8        8.0         70         94       13.7       11.1     1001.2        0.0          0       10.2       0.00      0.000
22:11           225.0        9.7       17.7         70         94       13.7       11.1     1001.3        0.0          0       10.2       0.00      0.000
22:12           225.0        4.8        9.7         70         94       13.7       11.1     1001.2        0.0          0       10.2       0.00      0.000
22:13           247.5        4.8       11.3         70         94       13.7       11.1     1001.3        0.0          0       10.2       0.00      0.000
22:14           225.0        9.7       12.9         70         94       13.7       11.1     1001.2        0.0          0       10.2       0.00      0.000
22:15           180.0        4.8        9.7         70         94       13.7       11.1     1001.2        0.0          0       10.2       0.00      0.000
22:16           202.5        8.0       14.5         70         94       13.7       11.1     1001.2        0.0          0       10.2       0.00      0.000
22:17           202.5        4.8        9.7         70         94       13.7       11.1     1001.2        0.0          0       10.2       0.00      0.000
22:18           225.0        8.0       12.9         70         94       13.7       11.1     1001.2        0.0          0       10.2       0.00      0.000
22:19           225.0        8.0       17.7         70         94       13.7       11.1     1001.2        0.0          0       10.2       0.00      0.000
22:20           202.5        8.0       11.3         70         94       13.7       11.1     1001.2        0.0          0       10.2       0.00      0.000
22:21           225.0        8.0       11.3         70         94       13.7       11.1     1001.3        0.0          0       10.2       0.00      0.000
22:22           225.0       11.3       17.7         70         94       13.7       11.1     1001.3        0.0          0       10.2       0.00      0.000
22:23           225.0        9.7       12.9         70         94       13.7       11.1     1001.3        0.0          0       10.2       0.00      0.000
22:24           225.0        9.7       14.5         70         94       13.7       11.1     1001.4        0.0          0       10.2       0.00      0.000
22:25           225.0        9.7       12.9         70         94       13.7       11.2     1001.3        0.0          0       10.2       0.00      0.000
22:26           247.5        8.0       17.7         70         94       13.7       11.2     1001.3        0.0          0       10.2       0.00      0.000
22:27           225.0        6.4       11.3         70         94       13.6       11.1     1001.3        0.0          0       10.2       0.00      0.000
22:28           225.0        8.0       14.5         70         94       13.6       11.2     1001.3        0.0          0       10.2       0.00      0.000
22:29           225.0        8.0       12.9         70         94       13.6       11.1     1001.3        0.0          0       10.2       0.00      0.000
22:30           247.5        8.0       14.5         70         94       13.6       11.1     1001.2        0.0          0       10.2       0.00      0.000
22:31           247.5        4.8       11.3         70         94       13.6       11.1     1001.3        0.0          0       10.2       0.00      0.000
22:32           225.0        4.8        9.7         70         94       13.6       11.1     1001.2        0.0          0       10.2       0.00      0.000
22:33           225.0        6.4       11.3         70         94       13.6       11.1     1001.2        0.0          0       10.2       0.00      0.000
22:34           225.0        8.0       12.9         70         94       13.6       11.1     1001.2        0.0          0       10.2       0.00      0.000
22:35           202.5        4.8        9.7         70         94       13.6       11.1     1001.2        0.0          0       10.2       0.00      0.000
22:36           202.5        8.0       12.9         70         94       13.6       11.1     1001.2        0.0          0       10.2       0.00      0.000
22:37           225.0        8.0       11.3         70         94       13.6       11.1     1001.3        0.0          0       10.2       0.00      0.000
22:38           225.0        6.4       11.3         70         94       13.6       11.1     1001.2        0.0          0       10.2       0.00      0.000
22:39           225.0        4.8        6.4         70         94       13.6       11.1     1001.2        0.0          0       10.2       0.00      0.000
22:40           225.0        4.8       12.9         70         94       13.6       11.1     1001.2        0.0          0       10.1       0.00      0.000
22:41           225.0        4.8       11.3         70         94       13.6       11.1     1001.2        0.0          0       10.1       0.00      0.000
22:42           225.0        6.4        9.7         70         94       13.6       11.1     1001.2        0.0          0       10.1       0.00      0.000
22:43           225.0        8.0       14.5         70         94       13.6       11.1     1001.2        0.0          0       10.1       0.20      0.000
22:44           225.0        6.4        8.0         70         94       13.6       11.1     1001.2        0.0          0       10.1       0.20      0.000
22:45           225.0        8.0       12.9         70         94       13.6       11.1     1001.2        0.0          0       10.1       0.20      0.000
22:46           225.0        8.0       14.5         70         94       13.6       11.1     1001.1        0.0          0       10.1       0.20      0.000
22:47           225.0        8.0       17.7         70         94       13.6       11.1     1001.1        0.0          0       10.1       0.20      0.000
22:48           225.0        8.0       12.9         70         94       13.6       11.1     1001.1        0.0          0       10.1       0.20      0.000
22:49           202.5        6.4        9.7         70         94       13.6       11.1     1001.1        0.0          0       10.1       0.20      0.000
22:50           202.5        6.4       11.3         70         94       13.6       11.1     1001.1        0.0          0       10.1       0.20      0.000
22:51           225.0        4.8        9.7         70         94       13.6       11.0     1001.0        0.0          0       10.1       0.20      0.000
22:52           202.5        4.8       11.3         70         95       13.6       11.0     1001.0        0.0          0       10.2       0.20      0.000
22:53           202.5        6.4       11.3         70         95       13.6       11.0     1001.0        0.0          0       10.2       0.20      0.000
22:54           202.5        3.2        4.8         70         94       13.6       11.0     1000.9        0.0          0       10.1       0.20      0.000
22:55           225.0        8.0       11.3         70         95       13.6       11.0     1000.9        0.0          0       10.2       0.20      0.000
22:56           202.5        6.4       11.3         70         95       13.6       11.0     1000.9        0.0          0       10.2       0.20      0.000
22:57           202.5        4.8        9.7         70         94       13.6       11.0     1000.9        0.0          0       10.1       0.20      0.000
22:58           225.0        9.7       12.9         70         94       13.6       11.0     1000.9        0.0          0       10.1       0.20      0.000
22:59           225.0        4.8        8.0         70         94       13.6       11.0     1000.9        0.0          0       10.1       0.20      0.000
23:00           225.0        9.7       12.9         70         95       13.6       11.0     1000.9        0.0          0       10.2       0.20      0.000
23:01           225.0        8.0       12.9         70         95       13.6       11.0     1000.8        0.0          0       10.2       0.20      0.000
23:02           225.0        3.2        6.4         70         95       13.6       11.0     1000.9        0.0          0       10.2       0.20      0.000
23:03           225.0        4.8        9.7         70         95       13.6       11.0     1001.0        0.0          0       10.2       0.20      0.000
23:04           225.0        4.8       11.3         70         95       13.6       11.0     1000.9        0.0          0       10.2       0.20      0.000
23:05           225.0        4.8        9.7         70         95       13.6       10.9     1000.9        0.0          0       10.2       0.20      0.000
23:06           225.0        8.0       14.5         70         95       13.6       11.0     1000.9        0.0          0       10.2       0.20      0.000
23:07           225.0        6.4       11.3         70         95       13.6       11.0     1000.9        0.0          0       10.2       0.20      0.000
23:08           225.0        8.0       11.3         70         95       13.6       10.9     1000.9        0.0          0       10.2       0.20      0.000
23:09           225.0       12.9       17.7         70         95       13.6       11.0     1001.0        0.0          0       10.2       0.20      0.000
23:10           225.0        6.4       12.9         70         95       13.6       11.0     1000.8        0.0          0       10.2       0.20      0.000
23:11           247.5        6.4       11.3         70         95       13.6       10.9     1000.8        0.0          0       10.2       0.20      0.000
23:12           225.0        8.0       14.5         70         95       13.6       11.0     1000.8        0.0          0       10.2       0.20      0.000
23:13           225.0        8.0       14.5         70         95       13.6       11.0     1000.8        0.0          0       10.2       0.20      0.000
23:14           225.0       12.9       20.9         70         95       13.6       11.0     1000.8        0.0          0       10.2       0.20      0.000
23:15           225.0        8.0       12.9         70         95       13.6       10.9     1000.9        0.0          0       10.2       0.20      0.000
23:16           202.5        6.4       11.3         70         95       13.6       10.9     1000.8        0.0          0       10.2       0.20      0.000
23:17           225.0        8.0       16.1         70         95       13.6       10.9     1000.9        0.0          0       10.2       0.20      0.000
23:18           225.0        6.4       11.3         70         95       13.6       10.9     1000.9        0.0          0       10.2       0.20      0.000
23:19           180.0        6.4        8.0         70         95       13.6       10.9     1000.9        0.0          0       10.2       0.20      0.000
23:20           225.0        8.0       14.5         70         95       13.6       10.9     1000.8        0.0          0       10.2       0.20      0.000
23:21           225.0        8.0       14.5         70         95       13.6       10.9     1000.9        0.0          0       10.2       0.20      0.000
23:22           225.0        8.0       11.3         70         95       13.5       10.9     1000.8        0.0          0       10.2       0.20      0.000
23:23           202.5        9.7       14.5         70         95       13.5       11.0     1000.9        0.0          0       10.2       0.20      0.000
23:24           225.0       11.3       16.1         70         95       13.5       10.9     1000.9        0.0          0       10.2       0.20      0.000
23:25           225.0        9.7       14.5         70         95       13.5       10.9     1000.9        0.0          0       10.2       0.20      0.000
23:26           225.0        9.7       12.9         70         95       13.5       11.0     1000.9        0.0          0       10.2       0.20      0.000
23:27           247.5        8.0       12.9         70         95       13.5       10.9     1000.9        0.0          0       10.2       0.20      0.000
23:28           270.0       11.3       16.1         70         95       13.5       10.9     1001.0        0.0          0       10.2       0.20      0.000
23:29           225.0       11.3       14.5         70         95       13.5       10.9     1000.9        0.0          0       10.2       0.20      0.000
23:30           225.0       11.3       14.5         70         95       13.5       10.9     1000.9        0.0          0       10.2       0.20      0.000
23:31           247.5        9.7       17.7         70         95       13.5       10.9     1000.9        0.0          0       10.2       0.20      0.000
23:32           225.0        9.7       12.9         70         95       13.5       10.9     1000.9        0.0          0       10.2       0.20      0.000
23:33           202.5        8.0       11.3         70         95       13.5       10.9     1000.8        0.0          0       10.2       0.20      0.000
23:34           225.0        4.8       11.3         71         95       13.5       10.9     1000.8        0.0          0       10.2       0.20      0.000
23:35           225.0        8.0       14.5         71         95       13.5       10.9     1000.8        0.0          0       10.2       0.20      0.000
23:36           225.0        8.0       16.1         71         95       13.5       10.9     1000.8        0.0          0       10.2       0.20      0.000
23:37           225.0        3.2        9.7         71         95       13.5       10.9     1000.9        0.0          0       10.2       0.20      0.000
23:38           247.5        8.0       16.1         71         95       13.5       10.9     1000.8        0.0          0       10.2       0.20      0.000
23:39           225.0        8.0       16.1         71         95       13.5       10.9     1000.8        0.0          0       10.2       0.20      0.000
23:40           225.0        4.8        9.7         71         95       13.5       10.9     1000.8        0.0          0       10.2       0.20      0.000
23:41           225.0        8.0       17.7         71         95       13.5       10.9     1000.8        0.0          0       10.2       0.20      0.000
23:42           225.0        4.8       11.3         71         95       13.5       10.9     1000.8        0.0          0       10.2       0.20      0.000
23:43           225.0        9.7       12.9         71         95       13.5       10.9     1000.8        0.0          0       10.2       0.20      0.000
23:44           225.0        8.0       11.3         71         95       13.5       10.9     1000.8        0.0          0       10.2       0.20      0.000
23:45           225.0        8.0       12.9         71         95       13.5       10.9     1000.8        0.0          0       10.2       0.20      0.000
23:46           225.0        4.8        8.0         71         95       13.5       10.9     1000.8        0.0          0       10.2       0.20      0.000
23:47           225.0        4.8        6.4         71         95       13.5       10.9     1000.8        0.0          0       10.2       0.20      0.000
23:48           225.0        8.0       11.3         71         95       13.5       10.9     1000.8        0.0          0       10.2       0.20      0.000
23:49           225.0        8.0       11.3         71         95       13.5       10.9     1000.8        0.0          0       10.2       0.20      0.000
23:50           225.0        4.8        9.7         71         95       13.5       10.9     1000.8        0.0          0       10.1       0.20      0.000
23:51           225.0        3.2        6.4         71         95       13.5       10.9     1000.8        0.0          0       10.1       0.20      0.000
23:52           225.0        6.4       12.9         71         95       13.5       10.9     1000.9        0.0          0       10.1       0.20      0.000
23:53           225.0       11.3       16.1         71         95       13.4       10.9     1000.8        0.0          0       10.1       0.20      0.000
23:54           225.0        6.4        9.7         71         95       13.4       10.9     1000.8        0.0          0       10.1       0.20      0.000
23:55           225.0        8.0       16.1         71         95       13.4       10.9     1000.9        0.0          0       10.1       0.20      0.000
23:56           225.0        8.0       24.1         71         95       13.4       10.9     1000.8        0.0          0       10.1       0.20      0.000
23:57           225.0        9.7       16.1         71         95       13.4       10.9     1000.8        0.0          0       10.1       0.20      0.000
23:58           225.0        6.4       12.9         71         95       13.4       10.9     1000.8        0.0          0       10.1       0.20      0.000
23:59           225.0        4.8       11.3         71         95       13.4       10.9     1000.7        0.0          0       10.1       0.20      0.000
