2/11/19
Time         Wind Dir   Wind Spd  Wind Gust     Hum In   Humidity    Temp In       Temp  Raw Barom         UV      Solar  Dew Point  DailyRain   RainRate
                    °      km/hr      km/hr          %          %         °C         °C        hPa                 W/sqm         °C         mm      mm/hr
20:46           202.5        9.7       20.9         67         92       14.9        9.8      972.2        0.0          0        8.5       0.00      0.000
20:47           225.0        9.7       20.9         67         92       14.9        9.7      972.2        0.0          0        8.5       0.00      0.000
20:48           225.0        4.8        6.4         67         92       14.9        9.7      972.2        0.0          0        8.5       0.00      0.000
20:49           225.0        1.6        4.8         67         92       14.9        9.7      972.2        0.0          0        8.5       0.00      0.000
20:50           225.0        8.0       12.9         67         92       14.9        9.7      972.2        0.0          0        8.5       0.00      0.000
20:51           225.0        6.4        9.7         67         92       14.9        9.7      972.2        0.0          0        8.5       0.00      0.000
20:52           225.0        6.4       11.3         67         92       14.9        9.7      972.3        0.0          0        8.5       0.00      0.000
20:53           202.5        8.0       12.9         67         92       14.9        9.7      972.3        0.0          0        8.5       0.00      0.000
20:54           225.0        8.0       11.3         67         92       14.9        9.7      972.3        0.0          0        8.5       0.00      0.000
20:55           202.5       11.3       16.1         67         92       14.9        9.7      972.2        0.0          0        8.5       0.00      0.000
20:56           247.5        8.0       14.5         67         92       14.9        9.7      972.2        0.0          0        8.5       0.00      0.000
20:57           247.5        8.0       16.1         67         92       14.9        9.7      972.2        0.0          0        8.5       0.00      0.000
20:58           270.0        4.8       12.9         67         92       14.9        9.7      972.2        0.0          0        8.5       0.00      0.000
20:59           180.0        4.8       14.5         67         92       14.8        9.7      972.2        0.0          0        8.5       0.00      0.000
21:00           202.5        6.4        9.7         67         92       14.8        9.7      972.2        0.0          0        8.5       0.00      0.000
21:01           225.0        6.4       11.3         67         92       14.8        9.7      972.2        0.0          0        8.5       0.00      0.000
21:02           202.5        8.0       14.5         67         92       14.8        9.7      972.2        0.0          0        8.4       0.00      0.000
21:03           202.5        4.8        9.7         67         92       14.8        9.7      972.2        0.0          0        8.4       0.00      0.000
21:04           202.5        6.4       12.9         67         92       14.8        9.7      972.2        0.0          0        8.4       0.00      0.000
21:05           247.5        4.8       11.3         67         92       14.8        9.7      972.2        0.0          0        8.4       0.00      0.000
21:06           225.0        6.4       11.3         67         92       14.8        9.7      972.2        0.0          0        8.4       0.00      0.000
21:07           202.5        8.0       16.1         67         92       14.8        9.7      972.2        0.0          0        8.4       0.00      0.000
21:08           225.0       11.3       25.7         67         92       14.8        9.7      972.2        0.0          0        8.4       0.00      0.000
21:09           202.5        9.7       16.1         67         92       14.8        9.7      972.3        0.0          0        8.4       0.00      0.000
21:10           202.5        6.4        9.7         67         92       14.8        9.7      972.2        0.0          0        8.4       0.00      0.000
21:11           247.5        6.4       11.3         67         92       14.8        9.7      972.2        0.0          0        8.4       0.00      0.000
21:12           225.0        3.2        8.0         67         92       14.8        9.7      972.3        0.0          0        8.4       0.00      0.000
21:13           180.0        4.8       11.3         67         92       14.8        9.7      972.3        0.0          0        8.4       0.00      0.000
21:14           202.5        6.4       11.3         67         92       14.8        9.7      972.3        0.0          0        8.4       0.00      0.000
21:15           247.5        4.8        9.7         67         92       14.8        9.7      972.2        0.0          0        8.4       0.00      0.000
21:16           225.0        8.0       12.9         67         92       14.7        9.7      972.2        0.0          0        8.4       0.00      0.000
21:17           225.0        4.8        6.4         67         92       14.7        9.7      972.2        0.0          0        8.4       0.00      0.000
21:18           202.5        6.4       11.3         67         92       14.7        9.7      972.2        0.0          0        8.4       0.00      0.000
21:19           247.5        4.8       11.3         67         92       14.7        9.7      972.2        0.0          0        8.4       0.00      0.000
21:20           225.0        4.8        8.0         67         92       14.7        9.7      972.3        0.0          0        8.4       0.00      0.000
21:21           225.0        6.4       11.3         67         92       14.7        9.7      972.2        0.0          0        8.4       0.00      0.000
21:22           225.0        8.0       16.1         67         92       14.7        9.7      972.3        0.0          0        8.4       0.00      0.000
21:23           225.0        4.8       17.7         67         92       14.7        9.7      972.2        0.0          0        8.4       0.00      0.000
21:24           247.5        6.4       19.3         67         92       14.7        9.7      972.3        0.0          0        8.4       0.00      0.000
21:25           225.0        6.4       12.9         67         92       14.7        9.7      972.2        0.0          0        8.4       0.00      0.000
21:26           225.0        4.8        8.0         67         92       14.7        9.7      972.3        0.0          0        8.4       0.00      0.000
21:27           225.0        6.4       11.3         67         92       14.7        9.7      972.3        0.0          0        8.4       0.00      0.000
21:28           225.0        4.8        6.4         67         92       14.7        9.7      972.3        0.0          0        8.4       0.00      0.000
21:29           225.0        8.0       17.7         67         92       14.7        9.7      972.3        0.0          0        8.4       0.00      0.000
21:30           202.5        3.2        6.4         67         92       14.7        9.7      972.3        0.0          0        8.4       0.00      0.000
21:31           202.5        6.4       11.3         67         92       14.7        9.7      972.3        0.0          0        8.4       0.00      0.000
21:32           247.5        6.4       14.5         67         92       14.7        9.7      972.3        0.0          0        8.5       0.00      0.000
21:33           225.0        4.8        9.7         67         92       14.7        9.7      972.3        0.0          0        8.4       0.00      0.000
21:34           202.5        8.0       11.3         67         92       14.7        9.7      972.3        0.0          0        8.5       0.00      0.000
21:35           202.5        6.4        9.7         67         92       14.7        9.7      972.3        0.0          0        8.5       0.00      0.000
21:36           247.5        6.4        9.7         67         92       14.7        9.7      972.3        0.0          0        8.5       0.00      0.000
21:37           202.5        6.4       11.3         67         92       14.7        9.7      972.3        0.0          0        8.5       0.00      0.000
21:38           202.5        4.8        9.7         67         92       14.7        9.7      972.2        0.0          0        8.5       0.00      0.000
21:39           225.0        3.2        6.4         67         92       14.7        9.7      972.3        0.0          0        8.5       0.00      0.000
21:40           225.0       11.3       16.1         67         92       14.7        9.7      972.2        0.0          0        8.5       0.00      0.000
21:41           225.0        8.0       19.3         67         92       14.7        9.7      972.2        0.0          0        8.5       0.00      0.000
21:42           202.5        6.4       11.3         67         92       14.7        9.7      972.2        0.0          0        8.5       0.00      0.000
21:43           225.0       12.9       19.3         67         92       14.7        9.7      972.3        0.0          0        8.5       0.00      0.000
21:44           225.0        6.4       12.9         67         92       14.7        9.7      972.2        0.0          0        8.5       0.00      0.000
21:45           225.0        6.4        9.7         67         92       14.7        9.8      972.3        0.0          0        8.5       0.00      0.000
21:46           225.0        9.7       20.9         67         92       14.7        9.8      972.2        0.0          0        8.5       0.00      0.000
21:47           202.5        8.0       12.9         67         91       14.7        9.8      972.2        0.0          0        8.4       0.00      0.000
21:48           202.5        8.0       16.1         67         92       14.7        9.8      972.3        0.0          0        8.5       0.00      0.000
21:49           247.5        6.4       11.3         67         92       14.6        9.8      972.2        0.0          0        8.5       0.00      0.000
21:50           247.5        4.8        9.7         67         92       14.6        9.8      972.2        0.0          0        8.5       0.00      0.000
21:51           247.5        3.2        6.4         67         92       14.6        9.8      972.3        0.0          0        8.5       0.00      0.000
21:52           247.5        4.8       11.3         67         91       14.6        9.8      972.2        0.0          0        8.4       0.00      0.000
21:53           247.5        4.8       11.3         67         91       14.6        9.7      972.2        0.0          0        8.3       0.00      0.000
21:54           225.0        6.4       12.9         67         91       14.6        9.7      972.2        0.0          0        8.3       0.00      0.000
21:55           247.5        6.4       14.5         67         91       14.6        9.7      972.2        0.0          0        8.3       0.00      0.000
21:56           270.0        4.8        9.7         67         91       14.6        9.7      972.2        0.0          0        8.3       0.00      0.000
21:57           247.5        8.0       12.9         67         91       14.6        9.7      972.2        0.0          0        8.3       0.00      0.000
21:58           247.5        4.8        8.0         67         91       14.6        9.7      972.2        0.0          0        8.3       0.00      0.000
21:59           225.0        6.4        9.7         67         91       14.6        9.7      972.2        0.0          0        8.3       0.00      0.000
22:00           225.0        4.8        9.7         67         91       14.6        9.7      972.2        0.0          0        8.3       0.00      0.000
22:01           225.0        6.4       11.3         67         91       14.6        9.7      972.2        0.0          0        8.3       0.00      0.000
22:02           180.0        8.0       14.5         67         91       14.6        9.7      972.2        0.0          0        8.3       0.00      0.000
22:03           225.0        6.4       14.5         67         91       14.6        9.7      972.2        0.0          0        8.3       0.00      0.000
22:04           202.5        8.0       12.9         67         91       14.6        9.7      972.2        0.0          0        8.3       0.00      0.000
22:05           202.5        4.8        9.7         67         91       14.6        9.7      972.2        0.0          0        8.3       0.00      0.000
22:06           202.5        1.6        4.8         67         91       14.6        9.7      972.2        0.0          0        8.3       0.00      0.000
22:07           225.0        4.8       11.3         67         91       14.5        9.7      972.2        0.0          0        8.3       0.00      0.000
22:08           202.5        6.4       11.3         67         91       14.5        9.7      972.2        0.0          0        8.3       0.00      0.000
22:09           225.0        3.2        4.8         67         91       14.5        9.7      972.2        0.0          0        8.3       0.00      0.000
22:10           225.0        6.4       11.3         67         91       14.5        9.7      972.2        0.0          0        8.3       0.00      0.000
22:11           202.5        8.0       14.5         67         91       14.5        9.7      972.1        0.0          0        8.3       0.00      0.000
22:12           202.5        6.4       11.3         67         91       14.5        9.7      972.2        0.0          0        8.3       0.00      0.000
22:13           202.5        6.4       12.9         67         91       14.5        9.7      972.2        0.0          0        8.3       0.00      0.000
22:14           225.0        4.8        9.7         67         91       14.5        9.7      972.1        0.0          0        8.3       0.00      0.000
22:15           225.0        6.4       11.3         67         91       14.5        9.7      972.1        0.0          0        8.3       0.00      0.000
22:16           225.0        4.8       11.3         67         91       14.5        9.7      972.2        0.0          0        8.3       0.00      0.000
22:17           247.5        8.0       17.7         67         91       14.5        9.7      972.1        0.0          0        8.3       0.00      0.000
22:18           202.5        6.4       12.9         67         91       14.5        9.7      972.1        0.0          0        8.3       0.00      0.000
22:19           202.5        6.4       14.5         67         91       14.5        9.7      972.1        0.0          0        8.3       0.00      0.000
22:20           202.5        4.8       11.3         67         91       14.5        9.7      972.2        0.0          0        8.3       0.00      0.000
22:21           202.5        3.2        6.4         67         91       14.5        9.7      972.1        0.0          0        8.3       0.00      0.000
22:22           202.5        4.8        9.7         67         91       14.5        9.7      972.2        0.0          0        8.3       0.00      0.000
22:23           202.5        6.4       12.9         67         91       14.5        9.7      972.2        0.0          0        8.3       0.00      0.000
22:24           247.5        4.8       11.3         67         91       14.5        9.7      972.2        0.0          0        8.3       0.00      0.000
22:25           225.0        8.0       12.9         67         91       14.5        9.7      972.1        0.0          0        8.3       0.00      0.000
22:26           225.0        3.2        4.8         67         91       14.5        9.7      972.2        0.0          0        8.3       0.00      0.000
22:27           225.0        4.8       14.5         67         91       14.4        9.7      972.2        0.0          0        8.3       0.00      0.000
22:28           202.5        6.4       12.9         67         91       14.4        9.7      972.2        0.0          0        8.3       0.00      0.000
22:29           225.0        6.4       11.3         67         91       14.4        9.7      972.2        0.0          0        8.3       0.00      0.000
22:30           180.0        8.0       14.5         67         91       14.4        9.7      972.1        0.0          0        8.3       0.00      0.000
22:31           202.5       11.3       25.7         67         91       14.4        9.7      972.2        0.0          0        8.3       0.00      0.000
22:32           202.5        9.7       14.5         67         91       14.4        9.7      972.2        0.0          0        8.3       0.00      0.000
22:33           225.0        3.2        8.0         67         91       14.4        9.7      972.2        0.0          0        8.3       0.00      0.000
22:34           225.0        4.8       12.9         67         91       14.4        9.7      972.2        0.0          0        8.3       0.00      0.000
22:35           202.5        8.0       16.1         67         90       14.4        9.7      972.1        0.0          0        8.1       0.00      0.000
22:36           202.5        3.2        8.0         67         90       14.4        9.7      972.2        0.0          0        8.1       0.00      0.000
22:37           202.5        1.6        4.8         67         90       14.4        9.7      972.2        0.0          0        8.1       0.00      0.000
22:38           202.5        4.8        8.0         67         90       14.4        9.7      972.2        0.0          0        8.1       0.00      0.000
22:39           202.5        3.2        4.8         67         90       14.4        9.7      972.2        0.0          0        8.1       0.00      0.000
22:40           202.5        4.8       16.1         67         90       14.4        9.7      972.1        0.0          0        8.1       0.00      0.000
22:41           247.5        4.8       14.5         67         90       14.4        9.7      972.1        0.0          0        8.1       0.00      0.000
22:42           202.5       11.3       19.3         67         90       14.4        9.7      972.2        0.0          0        8.1       0.00      0.000
22:43           225.0        8.0       17.7         67         90       14.4        9.7      972.1        0.0          0        8.1       0.00      0.000
22:44           247.5        9.7       19.3         67         90       14.4        9.7      972.2        0.0          0        8.1       0.00      0.000
22:45           247.5        4.8        9.7         67         90       14.4        9.7      972.2        0.0          0        8.1       0.00      0.000
22:46           247.5        3.2        8.0         67         90       14.4        9.7      972.2        0.0          0        8.1       0.00      0.000
22:47           247.5        3.2       11.3         67         90       14.4        9.7      972.2        0.0          0        8.1       0.00      0.000
22:48           247.5        8.0       11.3         67         90       14.4        9.7      972.2        0.0          0        8.1       0.00      0.000
22:49           225.0        6.4       12.9         67         90       14.3        9.7      972.2        0.0          0        8.1       0.00      0.000
22:50           225.0        3.2        8.0         67         90       14.3        9.7      972.1        0.0          0        8.1       0.00      0.000
22:51           202.5        6.4       14.5         67         90       14.3        9.7      972.2        0.0          0        8.1       0.00      0.000
22:52           202.5        6.4       12.9         67         90       14.3        9.7      972.1        0.0          0        8.1       0.00      0.000
22:53           225.0        8.0       12.9         67         90       14.3        9.7      972.2        0.0          0        8.1       0.00      0.000
22:54           202.5        4.8        9.7         67         90       14.3        9.7      972.1        0.0          0        8.1       0.00      0.000
22:55           225.0        4.8        8.0         67         90       14.3        9.7      972.1        0.0          0        8.1       0.00      0.000
22:56           225.0        8.0       17.7         67         90       14.3        9.7      972.1        0.0          0        8.1       0.00      0.000
22:57           225.0        8.0       12.9         67         90       14.3        9.7      972.2        0.0          0        8.1       0.00      0.000
22:58           202.5        8.0       12.9         67         90       14.3        9.7      972.2        0.0          0        8.1       0.00      0.000
22:59           225.0        4.8       14.5         67         89       14.3        9.7      972.2        0.0          0        7.9       0.00      0.000
23:00           202.5        8.0       14.5         67         89       14.3        9.7      972.2        0.0          0        7.9       0.00      0.000
23:01           202.5        6.4       11.3         67         89       14.3        9.7      972.2        0.0          0        7.9       0.00      0.000
23:02           225.0        3.2        8.0         67         89       14.3        9.7      972.2        0.0          0        7.9       0.00      0.000
23:03           202.5        8.0       16.1         67         89       14.3        9.7      972.2        0.0          0        7.9       0.00      0.000
23:04           225.0        9.7       16.1         67         89       14.3        9.7      972.2        0.0          0        7.9       0.00      0.000
23:05           247.5        8.0       16.1         67         89       14.3        9.7      972.2        0.0          0        7.9       0.00      0.000
23:06           247.5        3.2        9.7         67         89       14.3        9.7      972.2        0.0          0        7.9       0.00      0.000
23:07           225.0        4.8        9.7         67         89       14.3        9.6      972.2        0.0          0        7.9       0.00      0.000
23:08           225.0        4.8        8.0         67         89       14.3        9.6      972.2        0.0          0        7.9       0.00      0.000
23:09           202.5        6.4       12.9         67         89       14.2        9.6      972.2        0.0          0        7.9       0.00      0.000
23:10           202.5        6.4       11.3         67         89       14.2        9.6      972.2        0.0          0        7.9       0.00      0.000
23:11           202.5        6.4       14.5         67         89       14.2        9.6      972.3        0.0          0        7.9       0.00      0.000
23:12           202.5        6.4       11.3         67         89       14.2        9.6      972.2        0.0          0        7.9       0.00      0.000
23:13           202.5        3.2        6.4         67         89       14.2        9.6      972.2        0.0          0        7.9       0.00      0.000
23:14           202.5        3.2        6.4         67         89       14.2        9.6      972.3        0.0          0        7.9       0.00      0.000
23:15           202.5        3.2        6.4         67         89       14.2        9.6      972.2        0.0          0        7.9       0.00      0.000
23:16           202.5        3.2        8.0         67         89       14.2        9.6      972.3        0.0          0        7.9       0.00      0.000
23:17           202.5        4.8       11.3         67         89       14.2        9.6      972.3        0.0          0        7.9       0.00      0.000
23:18           225.0        8.0       14.5         66         89       14.2        9.6      972.3        0.0          0        7.9       0.00      0.000
23:19           225.0        6.4       12.9         67         89       14.2        9.6      972.3        0.0          0        7.9       0.00      0.000
23:20           202.5        6.4       11.3         67         89       14.2        9.6      972.3        0.0          0        7.9       0.00      0.000
23:21           202.5        3.2        8.0         67         89       14.2        9.6      972.3        0.0          0        7.9       0.00      0.000
23:22           202.5        3.2        8.0         67         89       14.2        9.6      972.3        0.0          0        7.8       0.00      0.000
23:23           202.5        4.8        8.0         67         89       14.2        9.6      972.3        0.0          0        7.9       0.00      0.000
23:24           225.0        4.8        9.7         67         89       14.2        9.6      972.3        0.0          0        7.8       0.00      0.000
23:25           225.0        1.6        4.8         67         89       14.2        9.6      972.3        0.0          0        7.8       0.00      0.000
23:26           225.0        1.6        4.8         66         89       14.2        9.6      972.2        0.0          0        7.8       0.00      0.000
23:27           225.0        1.6        4.8         67         89       14.2        9.6      972.3        0.0          0        7.8       0.00      0.000
23:28           247.5        4.8        9.7         66         89       14.2        9.6      972.3        0.0          0        7.8       0.00      0.000
23:29           247.5        3.2        4.8         66         89       14.2        9.6      972.3        0.0          0        7.8       0.00      0.000
23:30           247.5        4.8        9.7         66         89       14.2        9.6      972.3        0.0          0        7.8       0.00      0.000
23:31           225.0        6.4        9.7         66         89       14.2        9.6      972.2        0.0          0        7.8       0.00      0.000
23:32           225.0        3.2        9.7         66         89       14.2        9.5      972.2        0.0          0        7.8       0.00      0.000
23:33           247.5        6.4       12.9         66         89       14.2        9.5      972.2        0.0          0        7.8       0.00      0.000
23:34           247.5        4.8        8.0         66         89       14.2        9.5      972.2        0.0          0        7.8       0.00      0.000
23:35           247.5        3.2        8.0         66         89       14.2        9.5      972.3        0.0          0        7.8       0.00      0.000
23:36           247.5        3.2        8.0         66         89       14.2        9.5      972.3        0.0          0        7.8       0.00      0.000
23:37           247.5        3.2        4.8         66         89       14.2        9.5      972.2        0.0          0        7.8       0.00      0.000
23:38           247.5        1.6        4.8         66         89       14.1        9.5      972.3        0.0          0        7.8       0.00      0.000
23:39           225.0        4.8        9.7         66         89       14.1        9.5      972.3        0.0          0        7.8       0.00      0.000
23:40           225.0        4.8        9.7         66         89       14.1        9.5      972.3        0.0          0        7.8       0.00      0.000
23:41           270.0        6.4       14.5         66         89       14.1        9.4      972.2        0.0          0        7.7       0.00      0.000
23:42           270.0        4.8       11.3         66         89       14.1        9.4      972.2        0.0          0        7.7       0.00      0.000
23:43           202.5        6.4       12.9         66         89       14.1        9.4      972.2        0.0          0        7.7       0.00      0.000
23:44           202.5        4.8       11.3         66         89       14.1        9.4      972.2        0.0          0        7.7       0.00      0.000
23:45           202.5        4.8       11.3         66         88       14.1        9.4      972.2        0.0          0        7.6       0.00      0.000
23:46           202.5        3.2        4.8         66         88       14.1        9.4      972.2        0.0          0        7.6       0.00      0.000
23:47           202.5        8.0       14.5         66         88       14.1        9.4      972.2        0.0          0        7.6       0.00      0.000
23:48           247.5        4.8        9.7         66         88       14.1        9.4      972.2        0.0          0        7.5       0.00      0.000
23:49           247.5        6.4       14.5         66         88       14.1        9.4      972.2        0.0          0        7.5       0.00      0.000
23:50           225.0        6.4       11.3         66         88       14.1        9.4      972.2        0.0          0        7.5       0.00      0.000
23:51           225.0        4.8        9.7         66         88       14.1        9.4      972.1        0.0          0        7.5       0.00      0.000
23:52           225.0        3.2        6.4         66         88       14.1        9.4      972.2        0.0          0        7.5       0.00      0.000
23:53           225.0        1.6        4.8         66         88       14.1        9.4      972.2        0.0          0        7.5       0.00      0.000
23:54           225.0        3.2        6.4         66         88       14.1        9.4      972.2        0.0          0        7.5       0.00      0.000
23:55           225.0        1.6        4.8         66         88       14.1        9.3      972.2        0.0          0        7.5       0.00      0.000
23:56           225.0        4.8        9.7         66         88       14.1        9.3      972.2        0.0          0        7.5       0.00      0.000
23:57           225.0        4.8        8.0         66         88       14.1        9.3      972.2        0.0          0        7.5       0.00      0.000
23:58           225.0        3.2        6.4         66         88       14.1        9.3      972.2        0.0          0        7.5       0.00      0.000
23:59           225.0        1.6        6.4         66         88       14.1        9.3      972.2        0.0          0        7.5       0.00      0.000
