7/7/20
Time         Wind Dir   Wind Spd  Wind Gust     Hum In   Humidity    Temp In       Temp  Raw Barom         UV      Solar  Dew Point  DailyRain   RainRate
                    °      km/hr      km/hr          %          %         °C         °C        hPa                 W/sqm         °C         mm      mm/hr
9:57            247.5        8.0       16.1         49         62       23.5       18.4     1013.5        3.5        489       11.0       0.00      0.000
9:58            247.5        1.6       16.1         49         62       23.6       18.5     1013.5        3.1        489       11.1       0.00      0.000
9:59            247.5        6.4       12.9         49         62       23.7       18.6     1013.4        2.8        353       11.1       0.00      0.000
10:00           247.5        8.0       16.1         49         61       23.8       18.5     1013.5        2.6        323       10.8       0.00      0.000
10:01           247.5        8.0       14.5         49         61       23.8       18.5     1013.5        2.5        309       10.8       0.00      0.000
10:02           292.5        9.7       14.5         48         61       23.9       18.4     1013.5        2.5        302       10.8       0.00      0.000
10:04           289.0        4.8        4.8         48         60       24.0       18.3     1013.5        2.9        424       10.4       0.00      0.000
10:05           289.0        6.4        6.4         48         60       24.0       18.3     1013.5        2.9        424       10.4       0.00      0.000
10:06           265.0        9.7        9.7         48         62       24.0       18.4     1013.5        3.1        408       11.0       0.00      0.000
10:07           264.0        6.4        9.7         48         62       24.0       18.4     1013.5        3.1        406       11.0       0.00      0.000
10:08           255.0        1.6       11.3         48         61       24.0       18.4     1013.5        3.0        404       10.7       0.00      0.000
10:09           253.0        8.0       12.9         48         61       24.1       18.4     1013.5        2.8        371       10.7       0.00      0.000
10:10           283.0       11.3       17.7         48         61       24.1       18.4     1013.5        2.6        341       10.7       0.00      0.000
10:11           288.0       12.9       17.7         48         61       24.1       18.3     1013.5        2.3        287       10.7       0.00      0.000
10:12           296.0        9.7       16.1         48         60       24.1       18.3     1013.5        1.9        258       10.4       0.00      0.000
10:13           296.0        9.7        9.7         48         61       24.2       18.2     1013.5        1.7        232       10.6       0.00      0.000
10:14           300.0       12.9       12.9         48         61       24.2       18.2     1013.5        1.5        211       10.5       0.00      0.000
10:15           295.0        4.8       14.5         48         61       24.2       18.1     1013.5        1.5        197       10.4       0.00      0.000
10:16           294.0        9.7       14.5         48         61       24.2       18.0     1013.5        1.4        192       10.4       0.00      0.000
10:17           294.0        8.0       14.5         47         62       24.3       17.9     1013.5        1.5        209       10.6       0.00      0.000
10:18           295.0        3.2        9.7         47         62       24.3       17.9     1013.5        1.9        229       10.5       0.00      0.000
10:19           258.0        8.0       12.9         47         62       24.3       17.9     1013.5        2.2        255       10.5       0.00      0.000
10:20           258.0        6.4       12.9         47         63       24.3       17.9     1013.5        2.5        288       10.8       0.00      0.000
10:21           258.0        1.6        8.0         47         63       24.3       17.9     1013.5        2.8        330       10.8       0.00      0.000
10:22           262.0       16.1       17.7         47         63       24.4       17.9     1013.5        3.0        355       10.8       0.00      0.000
10:23           256.0        3.2       17.7         47         62       24.4       17.9     1013.4        3.1        387       10.5       0.00      0.000
10:24           283.0        9.7        9.7         47         63       24.4       17.9     1013.4        3.1        387       10.8       0.00      0.000
10:25           258.0        4.8       14.5         47         62       24.4       17.9     1013.4        3.1        390       10.6       0.00      0.000
10:26           260.0        9.7       14.5         47         62       24.5       17.9     1013.4        2.9        376       10.6       0.00      0.000
10:27           259.0        4.8       11.3         47         62       24.5       17.9     1013.4        2.7        352       10.6       0.00      0.000
10:28           250.0        3.2       11.3         47         62       24.5       18.0     1013.4        2.6        327       10.6       0.00      0.000
10:29           250.0        0.0        8.0         47         63       24.5       18.0     1013.3        2.7        332       10.9       0.00      0.000
10:30           247.0        1.6       12.9         47         63       24.5       18.1     1013.4        2.9        350       10.9       0.00      0.000
10:31           260.0        6.4       11.3         47         63       24.5       18.1     1013.3        3.1        380       11.0       0.00      0.000
10:32           260.0        3.2        9.7         47         62       24.6       18.2     1013.3        3.4        431       10.8       0.00      0.000
10:33           254.0        6.4       14.5         47         63       24.6       18.2     1013.3        3.6        492       11.1       0.00      0.000
10:34           256.0        3.2       14.5         47         62       24.6       18.3     1013.3        3.7        464       10.9       0.00      0.000
10:35           254.0       12.9       12.9         47         62       24.6       18.3     1013.3        3.4        424       10.9       0.00      0.000
10:36           264.0        0.0       12.9         47         61       24.6       18.4     1013.3        3.4        411       10.7       0.00      0.000
10:37           253.0        6.4       12.9         47         62       24.6       18.4     1013.2        3.8        457       11.0       0.00      0.000
10:38           245.0        4.8       12.9         47         61       24.7       18.4     1013.2        3.5        425       10.8       0.00      0.000
10:39           244.0        3.2       11.3         47         61       24.7       18.4     1013.2        3.4        427       10.8       0.00      0.000
10:40           253.0        4.8       11.3         47         61       24.7       18.5     1013.2        3.2        369       10.8       0.00      0.000
10:41           250.0        6.4       12.9         47         62       24.7       18.5     1013.2        3.0        360       11.1       0.00      0.000
10:42           247.0        6.4       12.9         47         61       24.7       18.5     1013.2        3.1        432       10.8       0.00      0.000
10:43           262.0       12.9       14.5         47         61       24.7       18.5     1013.2        3.8        429       10.8       0.00      0.000
10:44           245.0        1.6       12.9         47         61       24.7       18.5     1013.2        3.3        429       10.8       0.00      0.000
10:45           194.0        4.8       16.1         46         61       24.8       18.5     1013.3        3.2        429       10.8       0.00      0.000
10:46           238.0        4.8       12.9         46         61       24.8       18.5     1013.1        3.5        417       10.8       0.00      0.000
10:47           248.0        4.8       12.9         46         61       24.8       18.5     1013.2        4.2        608       10.8       0.00      0.000
10:48           229.0        6.4       11.3         46         61       24.8       18.6     1013.1        3.7        608       10.9       0.00      0.000
10:49           268.0       12.9       12.9         46         61       24.8       18.6     1013.1        3.8        454       11.0       0.00      0.000
10:50           250.0        3.2       22.5         46         61       24.8       18.7     1013.1        3.9        478       11.0       0.00      0.000
10:51           236.0        3.2       12.9         46         60       24.8       18.7     1013.1        4.2        501       10.8       0.00      0.000
10:52           248.0        6.4       12.9         46         61       24.8       18.7     1013.1        4.7        570       11.1       0.00      0.000
10:53           271.0        6.4       12.9         46         61       24.9       18.8     1013.1        4.8        615       11.1       0.00      0.000
10:54           271.0        3.2        6.4         46         61       24.9       18.8     1013.1        5.2        659       11.1       0.00      0.000
10:55           271.0        8.0        8.0         46         61       24.9       18.8     1013.0        5.6        659       11.2       0.00      0.000
10:56           254.0        6.4       20.9         46         61       24.9       18.9     1013.0        5.0        701       11.2       0.00      0.000
10:57           262.0        8.0       20.9         46         61       24.9       19.0     1013.0        4.9        601       11.3       0.00      0.000
10:58           251.0       14.5       17.7         46         60       24.9       19.1     1013.0        4.6        506       11.1       0.00      0.000
10:58           249.0       16.1       17.7         46         59       24.9       19.1     1013.0        4.8        568       10.9       0.00      0.000
11:00           249.0        4.8       16.1         46         59       24.9       19.1     1013.0        4.7        631       10.9       0.00      0.000
11:01           266.0       12.9       16.1         46         58       25.0       19.1     1013.0        4.4        536       10.6       0.00      0.000
11:02           237.0       12.9       19.3         46         58       25.0       19.1     1013.0        4.0        448       10.6       0.00      0.000
11:03           256.0        1.6       19.3         46         58       25.0       19.1     1012.9        3.9        533       10.6       0.00      0.000
11:04           240.0       11.3       14.5         46         60       25.0       19.1     1013.0        3.4        322       11.1       0.00      0.000
11:05           235.0        8.0       17.7         46         59       25.0       19.1     1012.9        3.1        315       10.9       0.00      0.000
11:06           243.0        6.4        8.0         46         59       25.0       19.0     1012.9        3.1        313       10.8       0.00      0.000
11:07           260.0        8.0       14.5         46         58       25.0       19.0     1013.0        3.1        315       10.6       0.00      0.000
11:08           256.0       12.9       19.3         46         58       25.0       18.9     1013.0        3.1        315       10.5       0.00      0.000
11:09           261.0        8.0       12.9         46         58       25.0       18.9     1013.0        3.1        309       10.5       0.00      0.000
11:10           274.0        8.0       11.3         46         58       25.1       18.8     1013.0        3.0        269       10.4       0.00      0.000
11:11           249.0        4.8       11.3         46         59       25.1       18.8     1012.9        2.8        260       10.6       0.00      0.000
11:12           244.0        9.7       12.9         46         59       25.1       18.7     1013.0        2.8        262       10.6       0.00      0.000
11:13           259.0       12.9       17.7         46         59       25.1       18.7     1013.0        2.8        255       10.5       0.00      0.000
11:14           241.0        8.0       19.3         46         59       25.1       18.6     1013.0        2.7        244       10.4       0.00      0.000
11:15           239.0        3.2       19.3         46         59       25.1       18.6     1013.0        2.6        243       10.4       0.00      0.000
11:16           239.0        3.2        9.7         46         60       25.1       18.5     1013.0        2.9        264       10.6       0.00      0.000
11:17           249.0        8.0       11.3         46         61       25.1       18.5     1012.9        3.2        306       10.8       0.00      0.000
11:18           247.0        4.8       11.3         46         60       25.1       18.5     1013.0        3.7        359       10.6       0.00      0.000
11:19           254.0        3.2       11.3         46         61       25.2       18.5     1012.9        4.0        429       10.8       0.00      0.000
11:20           254.0        3.2        6.4         46         62       25.2       18.5     1012.9        4.2        468       11.1       0.00      0.000
11:21           252.0        4.8       12.9         46         62       25.2       18.6     1012.9        4.5        468       11.1       0.00      0.000
11:22           252.0        6.4        8.0         46         62       25.2       18.7     1013.0        3.7        371       11.2       0.00      0.000
11:23           251.0        3.2        8.0         46         62       25.2       18.7     1012.9        2.9        320       11.2       0.00      0.000
11:24           253.0        6.4        8.0         46         62       25.2       18.7     1012.9        2.6        287       11.3       0.00      0.000
11:25           258.0        1.6        9.7         46         61       25.2       18.8     1012.9        2.5        271       11.1       0.00      0.000
11:26           257.0        6.4        9.7         46         61       25.2       18.8     1012.9        2.5        272       11.1       0.00      0.000
11:27           252.0        6.4       12.9         46         61       25.2       18.8     1012.9        2.6        301       11.1       0.00      0.000
11:28           251.0        4.8        9.7         46         60       25.2       18.7     1012.9        2.8        309       10.8       0.00      0.000
11:29           251.0       11.3       12.9         46         61       25.3       18.8     1012.8        2.9        315       11.1       0.00      0.000
11:30           251.0        6.4       14.5         46         60       25.3       18.7     1012.8        3.0        322       10.8       0.00      0.000
11:31           252.0       11.3       12.9         46         60       25.3       18.7     1012.8        3.1        329       10.8       0.00      0.000
11:32           253.0        3.2       12.9         46         59       25.3       18.7     1012.8        3.3        353       10.5       0.00      0.000
11:33           258.0        8.0       11.3         46         59       25.3       18.6     1012.8        3.6        411       10.4       0.00      0.000
11:34           268.0        9.7       12.9         45         59       25.3       18.6     1012.7        3.8        432       10.4       0.00      0.000
11:35           271.0        3.2       12.9         45         60       25.3       18.6     1012.7        4.1        427       10.7       0.00      0.000
11:36           274.0        6.4       11.3         45         61       25.3       18.6     1012.7        4.0        425       11.0       0.00      0.000
11:37           274.0        3.2        8.0         45         61       25.3       18.7     1012.7        4.0        432       11.0       0.00      0.000
11:38           257.0        8.0       11.3         45         61       25.3       18.8     1012.7        4.1        432       11.1       0.00      0.000
11:39           272.0       11.3       11.3         45         61       25.3       18.8     1012.7        4.1        432       11.2       0.00      0.000
11:40           295.0        3.2       12.9         45         60       25.4       18.8     1012.6        3.8        392       10.9       0.00      0.000
11:41           241.0        3.2       14.5         45         61       25.4       18.9     1012.7        3.5        355       11.2       0.00      0.000
11:42           244.0        4.8       14.5         45         60       25.4       18.9     1012.6        3.2        325       11.0       0.00      0.000
11:43           176.0        9.7       14.5         45         60       25.4       18.9     1012.6        2.9        302       11.0       0.00      0.000
11:44           196.0        6.4       11.3         45         59       25.4       18.9     1012.6        2.7        279       10.7       0.00      0.000
11:45           256.0        6.4       14.5         45         59       25.4       18.8     1012.7        2.5        265       10.7       0.00      0.000
11:46           256.0        4.8       14.5         45         58       25.4       18.8     1012.7        2.2        248       10.3       0.00      0.000
11:47           260.0        4.8       11.3         45         59       25.4       18.8     1012.7        2.0        225       10.6       0.00      0.000
11:48           256.0        1.6        9.7         45         59       25.4       18.7     1012.7        1.8        202       10.6       0.00      0.000
11:49           257.0        6.4       17.7         45         59       25.4       18.7     1012.7        1.7        188       10.5       0.00      0.000
11:50           257.0        3.2       17.7         45         58       25.4       18.6     1012.6        1.7        207       10.2       0.00      0.000
11:51           256.0        3.2        9.7         45         59       25.4       18.6     1012.5        2.2        243       10.4       0.00      0.000
11:52           253.0        6.4       11.3         45         59       25.4       18.6     1012.6        2.5        290       10.4       0.00      0.000
11:53           253.0        3.2       11.3         45         59       25.4       18.5     1012.6        2.7        313       10.3       0.00      0.000
11:54           254.0        8.0        9.7         45         60       25.5       18.6     1012.5        3.0        329       10.6       0.00      0.000
11:55           254.0        3.2        9.7         45         60       25.5       18.6     1012.6        3.3        362       10.6       0.00      0.000
11:56           245.0        3.2       12.9         45         60       25.5       18.6     1012.6        3.5        392       10.7       0.00      0.000
11:57           251.0        8.0       12.9         45         60       25.5       18.6     1012.6        4.4        468       10.7       0.00      0.000
11:58           293.0        3.2       11.3         45         60       25.5       18.7     1012.5        3.6        468       10.8       0.00      0.000
11:58           220.0        6.4       11.3         45         60       25.5       18.8     1012.6        3.4        366       10.9       0.00      0.000
12:00           248.0       12.9       12.9         45         59       25.5       18.9     1012.5        3.1        332       10.7       0.00      0.000
12:01           253.0        6.4       20.9         45         58       25.5       18.9     1012.5        3.0        311       10.5       0.00      0.000
12:02           251.0       12.9       14.5         45         58       25.5       18.9     1012.5        3.0        313       10.5       0.00      0.000
12:03           262.0       12.9       17.7         45         57       25.5       18.9     1012.5        3.4        339       10.2       0.00      0.000
12:04           243.0        6.4       14.5         45         57       25.5       18.9     1012.5        3.8        390       10.2       0.00      0.000
12:05           246.0        9.7       14.5         45         57       25.5       18.9     1012.5        4.3        446       10.2       0.00      0.000
12:06           247.0        3.2        9.7         45         58       25.5       18.9     1012.4        4.7        512       10.5       0.00      0.000
12:07           234.0        4.8        8.0         45         58       25.5       19.0     1012.4        4.5        515       10.6       0.00      0.000
12:08           214.0        6.4        9.7         45         58       25.5       19.1     1012.3        4.1        397       10.6       0.00      0.000
12:09           236.0        6.4        9.7         45         59       25.5       19.1     1012.4        3.5        371       10.9       0.00      0.000
12:10           245.0       11.3       11.3         45         58       25.5       19.2     1012.4        3.3        367       10.7       0.00      0.000
12:11           252.0        4.8       17.7         45         57       25.5       19.2     1012.4        3.2        371       10.5       0.00      0.000
12:12           249.0        8.0       12.9         45         57       25.5       19.3     1012.3        3.1        357       10.6       0.00      0.000
12:13           226.0        4.8       17.7         45         56       25.6       19.3     1012.3        3.0        350       10.3       0.00      0.000
12:14           237.0        8.0       12.9         45         57       25.6       19.3     1012.3        2.9        315       10.6       0.00      0.000
12:15           243.0        6.4        9.7         45         57       25.6       19.3     1012.3        2.6        299       10.6       0.00      0.000
12:16           242.0        3.2        6.4         45         57       25.6       19.3     1012.3        2.5        297       10.6       0.00      0.000
12:17           241.0        8.0       14.5         45         56       25.6       19.4     1012.4        2.6        306       10.4       0.00      0.000
12:18           268.0        4.8       19.3         45         55       25.6       19.4     1012.4        2.7        316       10.1       0.00      0.000
12:19           240.0        3.2       16.1         45         55       25.6       19.3     1012.3        2.9        330       10.1       0.00      0.000
12:20           234.0        4.8       16.1         45         54       25.6       19.3     1012.4        3.0        345        9.7       0.00      0.000
12:21           256.0        6.4       11.3         45         55       25.6       19.3     1012.4        3.1        345       10.0       0.00      0.000
12:22           288.0        8.0       16.1         45         55       25.6       19.2     1012.3        3.1        336       10.0       0.00      0.000
12:23           258.0       12.9       12.9         45         55       25.6       19.2     1012.4        2.9        325       10.0       0.00      0.000
12:24           264.0        4.8       12.9         45         55       25.6       19.2     1012.4        2.8        315        9.9       0.00      0.000
12:25           276.0       11.3       14.5         45         55       25.6       19.2     1012.3        2.7        330        9.9       0.00      0.000
12:26           293.0        4.8       12.9         44         55       25.6       19.1     1012.3        2.8        371        9.9       0.00      0.000
12:27           259.0        8.0       16.1         44         56       25.6       19.1     1012.3        3.3        390       10.1       0.00      0.000
12:28           256.0        6.4       12.9         44         56       25.6       19.1     1012.3        3.4        387       10.1       0.00      0.000
12:29           279.0       12.9       17.7         44         56       25.6       19.2     1012.2        3.7        401       10.2       0.00      0.000
12:30           251.0        4.8       12.9         44         56       25.6       19.2     1012.2        3.5        417       10.2       0.00      0.000
12:31           251.0        1.6       11.3         44         56       25.6       19.2     1012.1        3.3        362       10.2       0.00      0.000
12:32           251.0        3.2       12.9         44         57       25.6       19.2     1012.1        3.0        290       10.5       0.00      0.000
12:33           254.0        4.8       12.9         44         57       25.6       19.2     1012.1        2.2        241       10.5       0.00      0.000
12:34           261.0        8.0       12.9         44         56       25.6       19.2     1012.1        1.8        197       10.2       0.00      0.000
12:35           256.0        6.4       11.3         44         56       25.6       19.2     1012.1        1.6        167       10.2       0.00      0.000
12:36           247.0       16.1       16.1         44         56       25.6       19.2     1012.1        1.4        144       10.2       0.00      0.000
12:37           246.0        3.2       16.1         44         56       25.6       19.2     1012.1        1.3        116       10.2       0.00      0.000
12:38           247.0        1.6        9.7         44         57       25.6       19.1     1012.1        1.2        109       10.4       0.00      0.000
12:39           251.0       12.9       12.9         44         57       25.6       19.1     1012.2        1.1        102       10.3       0.00      0.000
12:40           247.0        3.2       14.5         44         56       25.7       19.0     1012.2        1.0         97       10.0       0.00      0.000
12:41           239.0        3.2       14.5         44         56       25.7       18.9     1012.2        1.0         93       10.0       0.00      0.000
12:42           246.0        6.4       14.5         44         56       25.7       18.8     1012.2        1.0         91        9.9       0.00      0.000
12:43           256.0       14.5       19.3         44         56       25.7       18.8     1012.2        1.0         91        9.8       0.00      0.000
12:44           219.0        8.0       19.3         44         56       25.7       18.7     1012.2        1.0         95        9.7       0.00      0.000
12:45           252.0       16.1       17.7         44         56       25.7       18.6     1012.2        1.0        100        9.7       0.00      0.000
12:46           260.0       14.5       16.1         44         57       25.7       18.6     1012.2        1.1        105        9.9       0.00      0.000
12:47           250.0       11.3       14.5         44         57       25.7       18.5     1012.2        1.1        111        9.8       0.00      0.000
12:48           231.0        8.0       20.9         44         57       25.7       18.4     1012.2        1.2        120        9.7       0.00      0.000
12:49           241.0        0.0       20.9         44         58       25.7       18.4     1012.2        1.3        141       10.0       0.00      0.000
12:50           250.0        6.4       11.3         44         58       25.7       18.3     1012.2        1.5        149        9.9       0.00      0.000
12:51           283.0       11.3       17.7         44         58       25.7       18.3     1012.2        1.5        151        9.9       0.00      0.000
12:52           246.0        8.0       17.7         44         59       25.7       18.3     1012.2        1.4        146       10.2       0.00      0.000
12:53           241.0       12.9       22.5         44         59       25.7       18.3     1012.2        1.3        141       10.2       0.00      0.000
12:54           220.0        3.2       22.5         44         59       25.7       18.3     1012.2        1.3        139       10.2       0.00      0.000
12:55           243.0        1.6       12.9         44         59       25.7       18.3     1012.1        1.3        146       10.2       0.00      0.000
12:56           243.0        6.4        9.7         44         59       25.7       18.3     1012.1        1.4        151       10.2       0.00      0.000
12:57           248.0        9.7       11.3         44         59       25.7       18.3     1012.1        1.5        158       10.2       0.00      0.000
12:58           250.0       11.3       11.3         44         59       25.7       18.3     1012.0        1.6        167       10.2       0.00      0.000
12:59           256.0       11.3       11.3         44         59       25.7       18.3     1012.0        1.7        183       10.2       0.00      0.000
13:00           256.0        6.4       11.3         44         59       25.6       18.4     1012.0        1.9        202       10.2       0.00      0.000
13:01           249.0        9.7       11.3         44         60       25.6       18.4     1012.1        2.1        246       10.5       0.00      0.000
13:02           249.0        4.8       12.9         44         59       25.6       18.4     1012.1        2.4        260       10.3       0.00      0.000
13:03           266.0       22.5       22.5         44         59       25.6       18.4     1012.1        2.4        269       10.3       0.00      0.000
13:04           254.0       16.1       22.5         44         58       25.6       18.4     1012.0        2.5        278       10.0       0.00      0.000
13:05           253.0        8.0       19.3         44         57       25.6       18.4     1012.1        2.6        283        9.8       0.00      0.000
13:06           253.0        9.7       19.3         44         58       25.6       18.5     1012.0        2.6        288       10.1       0.00      0.000
13:07           255.0       12.9       19.3         44         58       25.6       18.5     1012.1        2.7        306       10.1       0.00      0.000
13:08           245.0        9.7       14.5         43         58       25.6       18.5     1012.0        2.8        318       10.1       0.00      0.000
13:09           260.0        6.4       16.1         43         57       25.6       18.6     1012.0        3.0        334        9.9       0.00      0.000
13:10           253.0        8.0       12.9         43         58       25.6       18.6     1012.0        3.1        352       10.2       0.00      0.000
13:11           240.0        8.0       14.5         43         58       25.6       18.6     1012.1        3.2        367       10.2       0.00      0.000
13:12           266.0        9.7       12.9         43         58       25.6       18.7     1012.0        3.3        403       10.2       0.00      0.000
13:13           299.0        8.0       17.7         43         57       25.6       18.7     1012.0        3.4        425       10.0       0.00      0.000
13:14           278.0        6.4       17.7         43         58       25.6       18.8     1011.9        3.5        422       10.3       0.00      0.000
13:15           285.0        9.7       22.5         43         58       25.6       18.8     1011.9        3.3        401       10.4       0.00      0.000
13:16           277.0        4.8       22.5         43         58       25.6       18.9     1011.9        3.2        378       10.5       0.00      0.000
13:17           249.0        6.4       17.7         43         57       25.6       18.9     1011.9        3.1        357       10.2       0.00      0.000
13:18           246.0       14.5       17.7         43         57       25.6       18.9     1012.0        3.0        341       10.2       0.00      0.000
13:19           269.0        9.7       16.1         43         58       25.6       18.9     1011.9        2.9        322       10.5       0.00      0.000
13:20           262.0        8.0       11.3         43         57       25.6       19.0     1012.0        2.8        318       10.3       0.00      0.000
13:21           249.0        9.7       16.1         43         58       25.6       19.0     1012.0        2.7        304       10.6       0.00      0.000
13:22           253.0        9.7       14.5         43         57       25.6       19.0     1012.0        2.5        274       10.3       0.00      0.000
13:23           271.0        6.4       14.5         43         57       25.6       18.9     1012.0        2.3        250       10.2       0.00      0.000
13:24           254.0        4.8       12.9         43         57       25.5       18.9     1012.0        2.3        260       10.2       0.00      0.000
13:25           251.0       14.5       14.5         43         57       25.5       18.9     1012.0        2.5        274       10.2       0.00      0.000
13:26           242.0       17.7       17.7         43         57       25.5       18.9     1012.0        2.5        281       10.2       0.00      0.000
13:27           251.0       11.3       17.7         43         57       25.5       18.9     1012.0        2.5        281       10.2       0.00      0.000
13:28           230.0        4.8       17.7         43         57       25.5       18.9     1012.0        2.6        287       10.2       0.00      0.000
13:29           249.0       11.3       11.3         43         58       25.5       18.9     1011.9        2.7        302       10.5       0.00      0.000
13:30           258.0        8.0       12.9         43         58       25.5       18.9     1011.9        2.8        334       10.5       0.00      0.000
13:31           288.0        6.4       14.5         43         57       25.5       18.9     1011.9        2.7        315       10.2       0.00      0.000
13:32           255.0        8.0       19.3         43         57       25.5       18.8     1011.9        2.4        279       10.1       0.00      0.000
13:33           251.0        8.0       14.5         43         56       25.5       18.8     1011.9        2.1        250        9.9       0.00      0.000
13:34           257.0       11.3       19.3         43         57       25.5       18.8     1011.9        2.0        229       10.1       0.00      0.000
13:35           274.0        6.4       19.3         44         57       25.5       18.8     1011.9        1.9        218       10.1       0.00      0.000
13:36           295.0        6.4       14.5         44         57       25.5       18.8     1011.9        1.9        229       10.1       0.00      0.000
13:37           263.0        8.0       12.9         44         58       25.5       18.8     1011.9        2.2        243       10.3       0.00      0.000
13:38           276.0        6.4       11.3         44         58       25.5       18.8     1011.9        2.3        257       10.3       0.00      0.000
13:39           275.0        8.0        9.7         44         57       25.5       18.7     1011.9        2.3        265       10.0       0.00      0.000
13:40           233.0        6.4       16.1         44         58       25.5       18.7     1011.9        2.4        265       10.3       0.00      0.000
13:41           272.0        8.0       19.3         44         57       25.5       18.7     1011.9        2.3        265       10.0       0.00      0.000
13:42           260.0        8.0       14.5         44         58       25.4       18.7     1011.9        2.3        271       10.3       0.00      0.000
13:43           309.0        8.0       12.9         44         58       25.4       18.7     1011.9        2.3        264       10.3       0.00      0.000
13:44           305.0        3.2        9.7         44         58       25.4       18.8     1012.0        2.2        253       10.3       0.00      0.000
13:45           305.0        8.0        9.7         44         58       25.4       18.8     1012.0        2.2        243       10.3       0.00      0.000
13:46           264.0       12.9       16.1         44         58       25.4       18.8     1012.0        2.2        236       10.4       0.00      0.000
13:47           276.0        8.0       19.3         44         57       25.4       18.8     1012.0        2.1        232       10.1       0.00      0.000
13:48           264.0        6.4       11.3         44         57       25.4       18.8     1012.0        2.1        229       10.1       0.00      0.000
13:49           256.0        8.0       16.1         44         57       25.4       18.8     1012.0        2.1        227       10.1       0.00      0.000
13:50           270.0        8.0       14.5         44         57       25.4       18.8     1011.9        2.2        229       10.1       0.00      0.000
13:51           260.0        6.4       14.5         44         57       25.4       18.7     1011.9        2.2        230       10.0       0.00      0.000
13:52           269.0        4.8       14.5         44         57       25.4       18.7     1011.8        2.1        229       10.0       0.00      0.000
13:53           251.0        3.2       12.9         44         57       25.4       18.7     1011.8        2.1        232       10.0       0.00      0.000
13:54           259.0        8.0        9.7         44         57       25.4       18.7     1011.9        2.1        227       10.0       0.00      0.000
13:55           274.0        8.0       14.5         44         57       25.4       18.7     1011.8        1.9        211       10.0       0.00      0.000
13:56           282.0        6.4       11.3         44         57       25.4       18.7     1011.8        1.8        197       10.0       0.00      0.000
13:57           249.0        4.8       16.1         44         57       25.4       18.7     1011.9        1.8        195       10.0       0.00      0.000
13:58           276.0       12.9       16.1         44         57       25.4       18.7     1011.8        1.8        202       10.0       0.00      0.000
13:58           257.0        3.2       16.1         44         57       25.4       18.7     1011.9        1.9        207       10.0       0.00      0.000
14:00           268.0        6.4       14.5         44         57       25.4       18.7     1011.8        2.0        213       10.0       0.00      0.000
14:01           245.0        4.8       17.7         44         57       25.4       18.7     1011.8        2.0        218       10.0       0.00      0.000
14:02           244.0       14.5       17.7         44         56       25.4       18.6     1011.8        2.0        223        9.7       0.00      0.000
14:03           244.0       16.1       19.3         44         56       25.4       18.6     1011.8        2.1        234        9.7       0.00      0.000
14:04           240.0       11.3       19.3         44         57       25.4       18.6     1011.8        2.1        244        9.9       0.00      0.000
14:05           242.0        8.0       19.3         44         56       25.4       18.6     1011.8        2.1        227        9.6       0.00      0.000
14:06           247.0        4.8       12.9         44         56       25.4       18.6     1011.8        2.0        218        9.6       0.00      0.000
14:07           247.0       11.3       14.5         44         56       25.4       18.6     1011.8        1.9        216        9.6       0.00      0.000
14:08           253.0        6.4       17.7         43         57       25.4       18.6     1011.8        1.9        216        9.9       0.00      0.000
14:09           250.0       16.1       16.1         44         57       25.4       18.6     1011.8        1.8        209        9.9       0.00      0.000
14:10           274.0        8.0       16.1         44         56       25.4       18.6     1011.8        1.7        193        9.6       0.00      0.000
14:11           256.0        6.4       11.3         44         56       25.4       18.5     1011.9        1.6        165        9.6       0.00      0.000
14:12           254.0        4.8       17.7         43         56       25.4       18.5     1011.9        1.5        160        9.6       0.00      0.000
14:13           239.0       12.9       20.9         43         56       25.4       18.4     1011.9        1.4        155        9.5       0.00      0.000
14:14           257.0        1.6       20.9         43         55       25.3       18.4     1011.8        1.4        155        9.2       0.00      0.000
14:15           258.0        3.2        9.7         43         56       25.3       18.4     1011.8        1.4        158        9.5       0.00      0.000
14:16           255.0        6.4       17.7         43         56       25.3       18.4     1011.7        1.5        167        9.5       0.00      0.000
14:17           267.0        9.7        9.7         43         57       25.3       18.3     1011.8        1.5        186        9.7       0.00      0.000
14:18           292.0        9.7       16.1         43         57       25.3       18.3     1011.8        1.6        188        9.7       0.00      0.000
14:19           297.0       14.5       14.5         43         56       25.3       18.3     1011.8        1.6        186        9.4       0.00      0.000
14:20           264.0       11.3       14.5         43         56       25.3       18.2     1011.8        1.6        185        9.3       0.00      0.000
14:21           289.0        4.8       14.5         43         56       25.3       18.2     1011.8        1.6        181        9.3       0.00      0.000
14:22           287.0        4.8       14.5         43         56       25.3       18.2     1011.8        1.7        193        9.3       0.00      0.000
14:23           242.0       11.3       11.3         43         57       25.3       18.1     1011.8        1.8        195        9.5       0.00      0.000
14:24           235.0        9.7       17.7         43         56       25.3       18.1     1011.7        1.7        197        9.2       0.00      0.000
14:25           256.0        6.4       11.3         43         56       25.3       18.1     1011.8        1.8        207        9.2       0.00      0.000
14:26           287.0       14.5       14.5         43         55       25.3       18.1     1011.8        1.9        229        8.9       0.00      0.000
14:27           266.0        9.7       16.1         43         55       25.3       18.1     1011.8        2.2        262        8.9       0.00      0.000
14:28           234.0       12.9       22.5         43         55       25.3       18.1     1011.7        2.4        295        8.9       0.00      0.000
14:29           256.0       11.3       14.5         43         55       25.3       18.1     1011.7        2.5        299        8.9       0.00      0.000
14:30           255.0        8.0       14.5         43         55       25.3       18.1     1011.7        2.2        278        8.9       0.00      0.000
14:31           257.0        4.8        9.7         43         55       25.3       18.2     1011.7        2.0        258        9.0       0.00      0.000
14:32           245.0       12.9       14.5         43         55       25.3       18.2     1011.7        2.0        250        9.0       0.00      0.000
14:33           245.0        3.2       14.5         43         55       25.3       18.2     1011.8        1.9        241        9.0       0.00      0.000
14:34           240.0       11.3       14.5         43         55       25.3       18.2     1011.7        1.9        237        9.0       0.00      0.000
14:35           241.0        8.0       14.5         43         55       25.3       18.2     1011.7        2.0        276        9.0       0.00      0.000
14:36           256.0       11.3       20.9         43         56       25.3       18.2     1011.7        2.4        315        9.3       0.00      0.000
14:37           250.0        6.4       20.9         43         55       25.3       18.3     1011.7        2.6        338        9.1       0.00      0.000
14:38           260.0       14.5       14.5         43         55       25.3       18.3     1011.7        2.6        343        9.1       0.00      0.000
14:39           266.0        9.7       14.5         43         55       25.3       18.3     1011.7        2.6        338        9.1       0.00      0.000
14:40           269.0        6.4       11.3         43         56       25.3       18.3     1011.7        2.6        330        9.4       0.00      0.000
14:41           261.0       12.9       17.7         43         56       25.3       18.4     1011.7        2.5        311        9.5       0.00      0.000
14:42           245.0       17.7       19.3         43         56       25.2       18.4     1011.7        2.4        302        9.5       0.00      0.000
14:43           274.0        8.0       19.3         43         56       25.2       18.4     1011.6        2.3        301        9.5       0.00      0.000
14:44           270.0        4.8        9.7         43         57       25.2       18.4     1011.7        2.3        302        9.8       0.00      0.000
14:45           294.0       11.3       14.5         43         57       25.2       18.5     1011.7        2.3        301        9.8       0.00      0.000
14:46           274.0        8.0       14.5         43         58       25.2       18.5     1011.7        2.3        276       10.1       0.00      0.000
14:47           286.0       14.5       16.1         43         58       25.2       18.5     1011.7        2.1        264       10.1       0.00      0.000
14:48           244.0        6.4       16.1         43         58       25.2       18.4     1011.7        2.0        253       10.0       0.00      0.000
14:49           291.0       11.3       14.5         43         58       25.2       18.4     1011.7        1.9        239       10.0       0.00      0.000
14:50           291.0        6.4       11.3         43         59       25.2       18.4     1011.7        1.8        223       10.3       0.00      0.000
14:51           277.0        4.8        9.7         43         58       25.2       18.4     1011.7        1.7        204       10.0       0.00      0.000
14:52           280.0        9.7       12.9         43         59       25.2       18.4     1011.7        1.5        167       10.2       0.00      0.000
14:53           283.0        6.4       11.3         43         59       25.2       18.3     1011.7        1.3        155       10.2       0.00      0.000
14:54           259.0        8.0       20.9         43         58       25.2       18.3     1011.8        1.2        149        9.9       0.00      0.000
14:55           249.0        8.0       16.1         43         58       25.2       18.2     1011.7        1.3        153        9.8       0.00      0.000
14:56           282.0       11.3       16.1         43         58       25.2       18.2     1011.7        1.3        156        9.8       0.00      0.000
14:57           253.0       12.9       16.1         43         59       25.2       18.1     1011.7        1.3        158       10.0       0.00      0.000
14:58           257.0        6.4       16.1         43         58       25.2       18.1     1011.7        1.3        160        9.7       0.00      0.000
14:59           270.0        9.7        9.7         43         59       25.2       18.1     1011.7        1.3        163        9.9       0.00      0.000
15:00           276.0       12.9       12.9         43         58       25.2       18.0     1011.7        1.3        167        9.6       0.00      0.000
15:01           280.0       11.3       12.9         43         58       25.2       18.0     1011.7        1.3        167        9.6       0.00      0.000
15:02           260.0       12.9       12.9         43         58       25.2       17.9     1011.6        1.3        165        9.6       0.00      0.000
15:03           264.0        4.8       16.1         43         58       25.2       17.9     1011.6        1.3        162        9.6       0.00      0.000
15:04           281.0        8.0       11.3         43         58       25.2       17.9     1011.7        1.3        163        9.5       0.00      0.000
15:05           262.0        8.0       16.1         43         58       25.2       17.9     1011.6        1.3        163        9.5       0.00      0.000
15:06           264.0        8.0       12.9         43         58       25.2       17.9     1011.6        1.3        163        9.5       0.00      0.000
15:07           300.0        9.7       14.5         43         57       25.2       17.9     1011.6        1.3        162        9.3       0.00      0.000
15:08           287.0        9.7       14.5         43         57       25.2       17.8     1011.6        1.3        158        9.2       0.00      0.000
15:09           290.0        6.4       17.7         43         57       25.2       17.8     1011.7        1.3        155        9.2       0.00      0.000
15:10           318.0       11.3       12.9         43         57       25.2       17.8     1011.7        1.2        148        9.2       0.00      0.000
15:11           285.0        8.0       14.5         43         57       25.1       17.8     1011.7        1.2        144        9.2       0.00      0.000
15:12           265.0       11.3       14.5         43         57       25.1       17.7     1011.7        1.2        144        9.1       0.00      0.000
15:13           253.0        3.2       17.7         43         57       25.1       17.7     1011.7        1.2        146        9.1       0.00      0.000
15:14           264.0        4.8       11.3         43         58       25.1       17.7     1011.7        1.2        148        9.4       0.00      0.000
15:15           292.0       11.3       11.3         43         58       25.1       17.7     1011.7        1.2        151        9.4       0.00      0.000
15:16           282.0        9.7       11.3         43         57       25.1       17.7     1011.7        1.2        149        9.1       0.00      0.000
15:17           289.0        4.8       11.3         43         57       25.1       17.7     1011.7        1.2        146        9.1       0.00      0.000
15:18           283.0        4.8        8.0         43         58       25.1       17.7     1011.6        1.1        141        9.3       0.00      0.000
15:19           283.0        1.6        8.0         43         58       25.1       17.7     1011.6        1.1        139        9.3       0.00      0.000
15:20           283.0        3.2        6.4         43         58       25.1       17.7     1011.6        1.1        135        9.3       0.00      0.000
15:21           280.0        4.8        8.0         43         58       25.1       17.6     1011.6        1.1        132        9.3       0.00      0.000
15:22           260.0       11.3       12.9         43         58       25.1       17.6     1011.6        1.1        130        9.3       0.00      0.000
15:23           291.0        9.7       14.5         43         58       25.1       17.6     1011.6        1.0        128        9.3       0.00      0.000
15:24           293.0        9.7       14.5         43         57       25.1       17.6     1011.6        1.0        127        8.9       0.00      0.000
15:25           295.0        3.2       14.5         43         58       25.1       17.6     1011.5        1.0        125        9.2       0.00      0.000
15:26           295.0        4.8       14.5         43         58       25.1       17.6     1011.6        1.0        128        9.2       0.00      0.000
15:27           295.0        9.7        9.7         43         58       25.1       17.6     1011.6        1.0        135        9.2       0.00      0.000
15:28           297.0        3.2       11.3         43         58       25.1       17.5     1011.5        1.1        141        9.2       0.00      0.000
15:29           299.0        8.0       11.3         43         58       25.1       17.5     1011.5        1.1        142        9.2       0.00      0.000
15:30           298.0        4.8       17.7         43         58       25.0       17.6     1011.5        1.1        146        9.2       0.00      0.000
15:31           298.0        1.6        9.7         43         59       25.0       17.5     1011.5        1.1        149        9.4       0.00      0.000
15:32           299.0        6.4        9.7         43         59       25.0       17.5     1011.5        1.1        151        9.4       0.00      0.000
15:33           301.0        4.8       11.3         43         58       25.0       17.5     1011.5        1.1        153        9.2       0.00      0.000
15:34           301.0        1.6        8.0         43         59       25.0       17.5     1011.5        1.2        156        9.4       0.00      0.000
15:35           301.0        4.8        6.4         43         59       25.0       17.6     1011.5        1.2        160        9.5       0.00      0.000
15:36           301.0        6.4        9.7         43         58       25.0       17.6     1011.5        1.2        160        9.2       0.00      0.000
15:37           301.0        4.8        9.7         43         59       25.0       17.6     1011.5        1.2        160        9.5       0.00      0.000
15:38           300.0        4.8        8.0         43         59       25.0       17.6     1011.5        1.2        158        9.5       0.00      0.000
15:39           301.0        4.8        8.0         43         59       25.0       17.6     1011.5        1.2        146        9.5       0.00      0.000
15:40           300.0        8.0        9.7         43         60       25.0       17.6     1011.5        1.0        134        9.8       0.00      0.000
15:41           299.0        3.2        9.7         43         59       25.0       17.6     1011.5        0.9        120        9.5       0.00      0.000
15:42           291.0        8.0       11.3         43         59       25.0       17.6     1011.5        0.9        107        9.5       0.00      0.000
15:43           291.0        4.8       11.3         43         59       25.0       17.6     1011.4        0.8        100        9.5       0.00      0.000
15:44           290.0        3.2        6.4         43         59       25.0       17.7     1011.5        0.9         98        9.6       0.00      0.000
15:45           290.0        1.6        6.4         43         60       25.0       17.7     1011.4        0.9        104        9.8       0.00      0.000
15:46           251.0        4.8        8.0         43         60       24.9       17.7     1011.4        0.8        100        9.8       0.00      0.000
15:47           291.0       12.9       12.9         43         60       24.9       17.6     1011.4        0.8         93        9.8       0.00      0.000
15:48           301.0        8.0       14.5         43         59       24.9       17.6     1011.4        0.7         88        9.5       0.00      0.000
15:49           306.0        6.4       11.3         43         58       24.9       17.6     1011.4        0.8         90        9.3       0.00      0.000
15:50           299.0        8.0       11.3         43         58       24.9       17.6     1011.3        0.9        105        9.2       0.00      0.000
15:51           293.0        4.8        9.7         43         58       24.9       17.6     1011.3        1.0        141        9.2       0.00      0.000
15:52           247.0        3.2       14.5         43         58       24.9       17.6     1011.3        1.1        158        9.2       0.00      0.000
15:53           256.0        8.0        9.7         43         58       24.9       17.6     1011.3        1.2        172        9.2       0.00      0.000
15:54           256.0        4.8        9.7         43         58       24.9       17.6     1011.2        1.3        192        9.2       0.00      0.000
15:55           256.0        3.2        8.0         43         59       24.9       17.6     1011.3        1.3        211        9.5       0.00      0.000
15:56           253.0        9.7       17.7         43         59       24.9       17.6     1011.3        1.4        220        9.5       0.00      0.000
15:57           257.0        6.4       17.7         43         59       24.9       17.6     1011.3        1.3        183        9.5       0.00      0.000
15:58           284.0        9.7       11.3         43         59       24.9       17.6     1011.3        1.1        163        9.5       0.00      0.000
15:58           285.0        4.8       11.3         43         60       24.9       17.7     1011.3        1.1        156        9.8       0.00      0.000
16:00           285.0        4.8        8.0         43         61       24.9       17.6     1011.3        1.1        155       10.0       0.00      0.000
16:01           285.0        8.0        9.7         43         62       24.8       17.6     1011.3        1.0        144       10.3       0.00      0.000
16:02           285.0        4.8        8.0         43         62       24.8       17.6     1011.3        0.9        109       10.2       0.00      0.000
16:03           250.0        8.0       19.3         43         62       24.8       17.5     1011.3        0.8         93       10.1       0.00      0.000
16:04           253.0        4.8       19.3         43         63       24.8       17.4     1011.3        0.7         83       10.3       0.00      0.000
16:05           253.0        4.8        9.7         43         63       24.8       17.3     1011.3        0.7         79       10.2       0.00      0.000
16:06           253.0        3.2        6.4         43         63       24.8       17.3     1011.3        0.7         79       10.2       0.00      0.000
16:07           260.0        3.2        9.7         43         63       24.8       17.2     1011.4        0.7         86       10.1       0.00      0.000
16:08           269.0        8.0        8.0         43         63       24.8       17.2     1011.4        0.7        104       10.1       0.00      0.000
16:09           291.0       12.9       12.9         43         63       24.8       17.2     1011.3        0.8        104       10.1       0.00      0.000
16:10           291.0        8.0       12.9         43         64       24.8       17.1     1011.3        0.8        100       10.3       0.00      0.000
16:11           291.0        6.4        9.7         43         64       24.8       17.1     1011.3        0.8         97       10.2       0.00      0.000
16:12           291.0        6.4       11.3         43         64       24.8       17.1     1011.3        0.7         91       10.2       0.00      0.000
16:13           284.0        9.7        9.7         43         64       24.8       17.0     1011.3        0.7         88       10.1       0.00      0.000
16:14           284.0        6.4        9.7         43         64       24.8       16.9     1011.2        0.7         91       10.1       0.00      0.000
16:15           284.0        4.8        8.0         43         65       24.7       16.9     1011.2        0.7         93       10.3       0.00      0.000
16:16           282.0        6.4        8.0         43         64       24.7       16.9     1011.2        0.7        100       10.1       0.00      0.000
16:17           282.0        3.2        6.4         43         64       24.7       16.9     1011.2        0.8        105       10.1       0.00      0.000
16:18           286.0        4.8       12.9         43         65       24.7       16.9     1011.2        0.8        113       10.3       0.00      0.000
16:19           287.0        3.2       12.9         43         65       24.7       16.9     1011.2        0.8        114       10.3       0.00      0.000
16:20           287.0        4.8        6.4         43         65       24.7       16.9     1011.2        0.8         98       10.3       0.00      0.000
16:21           287.0        3.2        9.7         43         64       24.7       16.9     1011.2        0.7         91       10.0       0.00      0.000
16:22           270.0        8.0       14.5         43         65       24.7       16.9     1011.2        0.7         90       10.3       0.00      0.000
16:23           292.0        6.4       14.5         43         64       24.7       16.9     1011.2        0.7         90       10.0       0.00      0.000
16:24           297.0        9.7       11.3         43         64       24.7       16.9     1011.2        0.7         91       10.0       0.00      0.000
16:25           297.0        6.4        9.7         43         64       24.7       16.8     1011.3        0.7         91       10.0       0.00      0.000
16:26           297.0        4.8        8.0         43         65       24.6       16.9     1011.2        0.7        102       10.3       0.00      0.000
16:27           297.0        3.2        8.0         43         65       24.6       16.9     1011.2        0.8        116       10.3       0.00      0.000
16:28           297.0        3.2        8.0         43         65       24.6       16.9     1011.3        0.8        132       10.3       0.00      0.000
16:29           297.0        6.4        8.0         43         65       24.6       16.9     1011.3        0.9        148       10.3       0.00      0.000
16:30           297.0        1.6        8.0         43         65       24.6       16.9     1011.3        0.9        158       10.3       0.00      0.000
16:31           305.0        6.4       11.3         43         65       24.6       16.9     1011.3        0.9        162       10.3       0.00      0.000
16:32           305.0        6.4       11.3         43         65       24.6       16.9     1011.3        0.9        141       10.3       0.00      0.000
16:33           305.0        4.8        6.4         43         65       24.6       16.9     1011.2        0.8        132       10.3       0.00      0.000
16:34           305.0        4.8        6.4         43         65       24.6       16.9     1011.3        0.8        127       10.3       0.00      0.000
16:35           305.0        4.8        6.4         43         65       24.6       17.0     1011.2        0.8        123       10.4       0.00      0.000
16:36           304.0        9.7        9.7         43         65       24.6       17.0     1011.3        0.7        123       10.4       0.00      0.000
16:37           303.0        4.8        9.7         43         65       24.5       17.0     1011.2        0.7        123       10.4       0.00      0.000
16:38           310.0       12.9       12.9         43         65       24.5       17.0     1011.2        0.7        128       10.4       0.00      0.000
16:39           301.0        8.0       16.1         43         65       24.5       17.0     1011.2        0.8        132       10.4       0.00      0.000
16:40           297.0       11.3       16.1         43         65       24.5       16.9     1011.2        0.8        135       10.3       0.00      0.000
16:41           287.0        4.8       12.9         43         65       24.5       16.9     1011.2        0.8        141       10.3       0.00      0.000
16:42           293.0        9.7       14.5         43         65       24.5       16.9     1011.2        0.8        146       10.3       0.00      0.000
16:43           285.0        9.7       14.5         43         65       24.5       16.9     1011.1        0.8        149       10.3       0.00      0.000
16:44           295.0        8.0        9.7         43         65       24.5       16.9     1011.2        0.9        155       10.3       0.00      0.000
16:45           295.0        8.0        8.0         43         65       24.5       16.9     1011.2        0.8        156       10.3       0.00      0.000
16:46           293.0        8.0       11.3         43         66       24.5       16.9     1011.2        0.8        155       10.5       0.00      0.000
16:47           293.0        0.0       11.3         43         67       24.5       16.9     1011.2        0.8        149       10.7       0.00      0.000
16:48           293.0        4.8       11.3         43         66       24.5       16.9     1011.2        0.8        141       10.5       0.00      0.000
16:49           291.0        4.8       11.3         43         66       24.4       16.9     1011.1        0.8        142       10.5       0.00      0.000
16:50           287.0        9.7        9.7         43         66       24.4       16.9     1011.1        0.8        149       10.5       0.00      0.000
16:51           263.0        8.0       11.3         43         67       24.4       16.9     1011.1        0.8        153       10.7       0.00      0.000
16:52           291.0        8.0       12.9         43         67       24.4       16.9     1011.1        0.8        155       10.7       0.00      0.000
16:53           285.0        6.4       12.9         43         67       24.4       16.9     1011.0        0.9        160       10.7       0.00      0.000
16:54           279.0        6.4        8.0         43         67       24.4       16.9     1011.0        0.9        169       10.8       0.00      0.000
16:55           289.0        6.4       17.7         43         67       24.4       16.9     1011.1        0.9        188       10.8       0.00      0.000
16:56           289.0        3.2       17.7         43         67       24.4       16.9     1011.0        0.9        192       10.8       0.00      0.000
16:57           289.0        6.4        8.0         43         68       24.4       16.9     1011.1        0.9        179       11.0       0.00      0.000
16:58           289.0        1.6        6.4         43         68       24.4       16.9     1011.1        0.8        162       11.0       0.00      0.000
16:58           289.0        4.8        6.4         43         68       24.4       16.9     1011.1        0.8        151       11.0       0.00      0.000
17:00           289.0        3.2        8.0         43         69       24.4       16.9     1011.2        0.7        141       11.2       0.00      0.000
17:01           298.0        6.4       16.1         43         69       24.3       16.9     1011.2        0.7        114       11.2       0.00      0.000
17:02           289.0        6.4       11.3         43         69       24.3       16.8     1011.2        0.7        116       11.1       0.00      0.000
17:03           289.0        6.4        9.7         43         69       24.3       16.8     1011.2        0.7        125       11.1       0.00      0.000
17:04           289.0        3.2        8.0         43         70       24.3       16.8     1011.2        0.7        127       11.3       0.00      0.000
17:05           287.0        4.8        8.0         43         70       24.3       16.7     1011.2        0.7        130       11.2       0.00      0.000
17:06           289.0        3.2        9.7         43         70       24.3       16.7     1011.2        0.7        135       11.2       0.00      0.000
17:07           289.0        4.8        8.0         43         70       24.3       16.6     1011.2        0.7        111       11.1       0.00      0.000
17:08           289.0        8.0        8.0         43         70       24.3       16.6     1011.2        0.6         98       11.1       0.00      0.000
17:09           280.0        6.4        9.7         43         71       24.3       16.5     1011.3        0.5         93       11.2       0.00      0.000
17:10           283.0        4.8       12.9         43         71       24.3       16.4     1011.3        0.5         90       11.2       0.00      0.000
17:11           299.0        4.8       12.9         43         71       24.3       16.3     1011.3        0.5         86       11.1       0.00      0.000
17:12           296.0        6.4       11.3         43         72       24.3       16.3     1011.4        0.5         81       11.3       0.00      0.000
17:13           298.0       11.3       11.3         44         72       24.3       16.3     1011.4        0.5         91       11.2       0.00      0.000
17:14           270.0        4.8       12.9         44         73       24.2       16.2     1011.4        0.5         98       11.3       0.00      0.000
17:15           274.0        4.8       12.9         44         73       24.2       16.1     1011.3        0.5         91       11.3       0.00      0.000
17:16           274.0        3.2        9.7         44         74       24.2       16.1     1011.3        0.5         77       11.4       0.00      0.000
17:17           276.0        6.4        9.7         44         74       24.2       16.0     1011.3        0.5         65       11.4       0.00      0.000
17:18           289.0        4.8       12.9         44         75       24.2       15.9     1011.3        0.5         58       11.5       0.00      0.000
17:19           287.0       11.3       12.9         44         75       24.2       15.9     1011.3        0.5         67       11.5       0.00      0.000
17:20           297.0       14.5       14.5         44         75       24.2       15.8     1011.3        0.5         74       11.4       0.00      0.000
17:21           295.0        3.2       14.5         44         75       24.2       15.7     1011.3        0.5         83       11.3       0.00      0.000
17:22           293.0        9.7        9.7         44         76       24.2       15.7     1011.3        0.5         86       11.5       0.00      0.000
17:23           290.0        4.8       14.5         44         77       24.2       15.6     1011.4        0.5         88       11.6       0.00      0.000
17:24           288.0        3.2       14.5         44         77       24.2       15.6     1011.4        0.5         90       11.5       0.00      0.000
17:25           289.0        1.6       11.3         44         77       24.2       15.5     1011.4        0.5         91       11.5       0.00      0.000
17:26           288.0        3.2        8.0         44         77       24.1       15.5     1011.4        0.5         91       11.5       0.00      0.000
17:27           289.0        1.6        9.7         44         78       24.1       15.4     1011.4        0.5         97       11.6       0.00      0.000
17:28           288.0        6.4        9.7         44         78       24.1       15.4     1011.4        0.5        102       11.6       0.00      0.000
17:29           288.0        1.6        8.0         44         79       24.1       15.4     1011.4        0.5         98       11.8       0.00      0.000
17:30           289.0        3.2        4.8         44         79       24.1       15.4     1011.4        0.5         90       11.8       0.00      0.000
17:31           288.0        4.8        8.0         44         79       24.1       15.4     1011.4        0.5         86       11.8       0.00      0.000
17:32           289.0        3.2        8.0         44         79       24.1       15.4     1011.4        0.5         83       11.8       0.00      0.000
17:33           288.0        4.8        8.0         44         80       24.1       15.4     1011.4        0.5         77       12.0       0.00      0.000
17:34           286.0        6.4       12.9         44         80       24.1       15.3     1011.4        0.0         72       11.9       0.00      0.000
17:35           286.0        6.4        6.4         44         80       24.1       15.3     1011.4        0.0         70       11.9       0.00      0.000
17:36           285.0        1.6        8.0         44         81       24.1       15.2     1011.4        0.0         56       12.0       0.00      0.000
17:37           285.0        6.4        9.7         44         81       24.1       15.2     1011.4        0.0         46       11.9       0.00      0.000
17:38           294.0       11.3       12.9         44         81       24.0       15.1     1011.4        0.0         39       11.9       0.00      0.000
17:39           291.0        8.0       12.9         44         81       24.0       15.1     1011.4        0.0         33       11.8       0.00      0.000
17:40           292.0        3.2        8.0         44         82       24.0       15.0     1011.5        0.0         32       12.0       0.00      0.000
17:41           291.0        1.6        8.0         44         82       24.0       14.9     1011.5        0.0         30       11.9       0.00      0.000
17:42           296.0       14.5       17.7         44         82       24.0       14.8     1011.5        0.0         33       11.8       0.00      0.000
17:43           302.0        4.8       14.5         44         83       24.0       14.8     1011.5        0.0         39       11.9       0.00      0.000
17:44           301.0        9.7        9.7         44         83       24.0       14.7     1011.5        0.0         46       11.8       0.00      0.000
17:45           295.0       12.9       12.9         44         84       24.0       14.6     1011.5        0.0         54       11.9       0.00      0.000
17:46           291.0       12.9       16.1         44         84       24.0       14.5     1011.5        0.0         63       11.8       0.00      0.000
17:47           272.0       14.5       14.5         44         84       24.0       14.4     1011.4        0.0         70       11.8       0.00      0.000
17:48           277.0        4.8       14.5         45         84       24.0       14.4     1011.4        0.0         86       11.7       0.00      0.000
17:49           285.0        8.0       12.9         45         85       23.9       14.3     1011.4        0.0         98       11.8       0.00      0.000
17:50           285.0        6.4       11.3         45         85       23.9       14.3     1011.4        0.5        113       11.8       0.00      0.000
17:51           286.0        4.8        9.7         45         85       23.9       14.2     1011.4        0.5        120       11.7       0.00      0.000
17:52           286.0        3.2        9.7         45         86       23.9       14.2     1011.4        0.5        113       11.9       0.00      0.000
17:53           285.0        3.2        6.4         45         86       23.9       14.2     1011.4        0.0         84       11.9       0.00      0.000
17:54           286.0        3.2        3.2         45         86       23.9       14.2     1011.4        0.0         69       11.9       0.00      0.000
17:55           285.0        4.8        6.4         45         87       23.9       14.2     1011.4        0.0         56       12.1       0.00      0.000
17:56           285.0        6.4        6.4         45         87       23.9       14.2     1011.4        0.0         53       12.1       0.00      0.000
17:57           285.0        6.4        8.0         45         87       23.9       14.2     1011.4        0.0         56       12.1       0.00      0.000
17:58           285.0        4.8        6.4         45         87       23.8       14.2     1011.4        0.0         69       12.0       0.00      0.000
17:59           285.0        4.8        6.4         45         87       23.8       14.2     1011.4        0.0         95       12.0       0.00      0.000
18:00           285.0        3.2        6.4         45         87       23.8       14.1     1011.3        0.0         95       12.0       0.00      0.000
18:01           285.0        1.6        4.8         45         87       23.8       14.1     1011.3        0.0         90       12.0       0.00      0.000
18:02           285.0        4.8        6.4         45         88       23.8       14.1     1011.3        0.0         83       12.2       0.00      0.000
18:03           285.0        3.2        6.4         45         88       23.8       14.1     1011.3        0.0         76       12.2       0.00      0.000
18:04           285.0        4.8        4.8         45         88       23.8       14.1     1011.3        0.0         74       12.2       0.00      0.000
18:05           285.0        3.2        4.8         45         88       23.7       14.1     1011.3        0.0         79       12.1       0.00      0.000
18:06           285.0        3.2        6.4         45         88       23.7       14.1     1011.3        0.0         86       12.1       0.00      0.000
18:07           285.0        4.8        4.8         45         89       23.7       14.1     1011.3        0.0         86       12.3       0.00      0.000
18:08           285.0        3.2        4.8         45         89       23.7       14.1     1011.3        0.0         77       12.3       0.00      0.000
18:09           285.0        0.0        3.2         45         89       23.7       14.1     1011.3        0.0         74       12.3       0.00      0.000
18:10           285.0        1.6        1.6         45         89       23.7       14.1     1011.2        0.0         72       12.3       0.00      0.000
18:11           285.0        6.4        6.4         45         89       23.7       14.1     1011.2        0.0         53       12.3       0.00      0.000
18:12           285.0        4.8        6.4         45         89       23.7       14.1     1011.2        0.0         46       12.3       0.00      0.000
18:13           285.0        3.2        8.0         45         89       23.7       14.0     1011.2        0.0         42       12.2       0.00      0.000
18:14           285.0        4.8        8.0         45         89       23.6       14.0     1011.2        0.0         44       12.2       0.00      0.000
18:15           285.0        0.0        4.8         46         89       23.6       14.0     1011.2        0.0         47       12.2       0.00      0.000
18:16           286.0        0.0        1.6         46         89       23.6       14.0     1011.2        0.0         46       12.2       0.00      0.000
18:17           285.0        0.0        3.2         46         89       23.6       13.9     1011.2        0.0         40       12.2       0.00      0.000
18:18           286.0        1.6        3.2         46         89       23.6       14.0     1011.1        0.0         39       12.2       0.00      0.000
18:19           285.0        3.2        3.2         46         90       23.6       13.9     1011.2        0.0         35       12.3       0.20      0.000
18:20           285.0        3.2        4.8         46         90       23.6       13.9     1011.2        0.0         33       12.3       0.20      0.000
18:21           285.0        1.6        4.8         46         90       23.6       13.9     1011.2        0.0         30       12.3       0.20      0.000
18:22           285.0        3.2        3.2         46         90       23.5       13.9     1011.2        0.0         32       12.3       0.20      0.000
18:23           285.0        1.6        4.8         46         90       23.5       13.9     1011.2        0.0         30       12.3       0.20      0.000
18:24           285.0        3.2        3.2         46         90       23.5       13.9     1011.2        0.0         26       12.3       0.20      0.000
18:25           285.0        6.4        6.4         46         90       23.5       13.9     1011.2        0.0         25       12.3       0.20      0.000
18:26           285.0        3.2        6.4         46         90       23.5       13.9     1011.2        0.0         21       12.3       0.20      0.000
18:27           285.0        3.2        4.8         46         90       23.5       13.9     1011.2        0.0         19       12.3       0.20      0.000
18:28           285.0        1.6        3.2         46         90       23.5       13.9     1011.2        0.0         21       12.3       0.20      0.000
18:29           285.0        3.2        3.2         46         90       23.5       13.8     1011.3        0.0         30       12.2       0.20      0.000
18:30           285.0        3.2        8.0         46         90       23.4       13.8     1011.2        0.0         33       12.2       0.20      0.000
18:31           285.0        6.4        6.4         46         90       23.4       13.8     1011.3        0.0         32       12.2       0.20      0.000
18:32           285.0        1.6        6.4         46         90       23.4       13.8     1011.2        0.0         33       12.2       0.20      0.000
18:33           285.0        3.2        4.8         46         90       23.4       13.8     1011.2        0.0         35       12.2       0.20      0.000
18:34           285.0        3.2        4.8         46         90       23.4       13.8     1011.2        0.0         35       12.2       0.20      0.000
18:35           285.0        1.6        4.8         46         91       23.4       13.8     1011.1        0.0         39       12.4       0.20      0.000
18:36           286.0        1.6        4.8         46         91       23.4       13.8     1011.1        0.0         42       12.4       0.20      0.000
18:37           285.0        0.0        4.8         46         91       23.4       13.8     1011.2        0.0         46       12.3       0.20      0.000
18:38           285.0        0.0        3.2         46         91       23.3       13.8     1011.1        0.0         49       12.3       0.20      0.000
18:39           285.0        3.2        3.2         46         91       23.3       13.8     1011.1        0.0         51       12.3       0.20      0.000
18:40           285.0        4.8        6.4         46         91       23.3       13.8     1011.1        0.0         51       12.3       0.20      0.000
18:41           285.0        1.6        6.4         46         91       23.3       13.8     1011.1        0.0         39       12.3       0.20      0.000
18:42           285.0        3.2        4.8         47         91       23.3       13.8     1011.1        0.0         33       12.3       0.20      0.000
18:43           285.0        0.0        4.8         47         91       23.3       13.8     1011.0        0.0         28       12.3       0.20      0.000
18:44           285.0        3.2        4.8         47         91       23.3       13.8     1011.0        0.0         23       12.3       0.20      0.000
18:45           285.0        3.2        3.2         47         91       23.2       13.7     1011.1        0.0         18       12.3       0.20      0.000
18:46           286.0        0.0        4.8         47         91       23.2       13.7     1011.1        0.0         18       12.3       0.20      0.000
18:47           285.0        1.6        4.8         47         91       23.2       13.7     1011.1        0.0         19       12.3       0.40      0.000
18:48           285.0        1.6        4.8         47         91       23.2       13.7     1011.1        0.0         21       12.2       0.40      0.000
18:49           285.0        0.0        4.8         47         91       23.2       13.7     1011.0        0.0         23       12.2       0.40      0.000
18:50           285.0        1.6        3.2         47         91       23.2       13.7     1011.0        0.0         25       12.2       0.40      0.000
18:51           285.0        1.6        3.2         47         91       23.2       13.6     1011.0        0.0         26       12.2       0.40      0.000
18:52           285.0        0.0        3.2         47         91       23.2       13.6     1011.0        0.0         25       12.2       0.40      0.000
18:53           285.0        1.6        3.2         47         91       23.1       13.6     1011.0        0.0         23       12.2       0.40      0.000
18:54           285.0        1.6        3.2         47         91       23.1       13.6     1011.0        0.0         21       12.2       0.40      0.000
18:55           285.0        0.0        3.2         47         91       23.1       13.6     1011.0        0.0         19       12.2       0.40      0.000
18:56           285.0        1.6        1.6         47         91       23.1       13.6     1011.0        0.0         18       12.2       0.40      0.000
18:57           285.0        1.6        3.2         47         92       23.1       13.6     1011.0        0.0         16       12.3       0.40      0.000
18:58           285.0        0.0        3.2         47         92       23.1       13.6     1011.0        0.0         16       12.3       0.40      0.000
18:58           285.0        0.0        1.6         47         92       23.1       13.6     1011.1        0.0         14       12.3       0.40      0.000
19:00           285.0        3.2        3.2         47         92       23.1       13.6     1011.0        0.0         14       12.3       0.40      0.000
19:01           285.0        3.2        4.8         47         92       23.1       13.6     1011.0        0.0         12       12.3       0.40      0.000
19:02           285.0        0.0        3.2         47         92       23.1       13.6     1011.1        0.0         12       12.3       0.40      0.000
19:03           285.0        1.6        3.2         47         92       23.1       13.6     1011.1        0.0         12       12.3       0.40      0.000
19:04           285.0        0.0        3.2         47         92       23.1       13.6     1011.1        0.0         11       12.3       0.40      0.000
19:05           285.0        0.0        3.2         47         92       23.1       13.6     1011.1        0.0         11       12.3       0.40      0.000
19:06           285.0        3.2        3.2         47         92       23.1       13.5     1011.1        0.0         11       12.2       0.40      0.000
19:07           285.0        4.8        4.8         47         92       23.1       13.5     1011.1        0.0         11       12.2       0.40      0.000
19:08           285.0        1.6        4.8         47         92       22.9       13.5     1011.0        0.0         11       12.2       0.40      0.000
19:09           285.0        0.0        3.2         47         92       22.9       13.5     1011.0        0.0         11       12.2       0.60      0.000
19:10           285.0        0.0        0.0         47         92       22.9       13.5     1011.0        0.0         12       12.2       0.60      0.000
19:11           285.0        3.2        3.2         47         92       22.9       13.4     1011.0        0.0         12       12.2       0.60      0.000
19:12           285.0        1.6        3.2         47         92       22.9       13.4     1011.0        0.0         11       12.2       0.60      0.000
19:13           285.0        1.6        4.8         48         92       22.9       13.4     1011.0        0.0          9       12.2       0.60      0.000
19:14           285.0        3.2        4.8         47         92       22.9       13.4     1011.0        0.0          9       12.2       0.60      0.000
19:15           285.0        0.0        4.8         48         92       22.9       13.4     1011.0        0.0         11       12.2       0.80      2.000
19:16           285.0        0.0        0.0         48         92       22.8       13.4     1011.0        0.0         11       12.2       0.80      2.000
19:17           285.0        4.8        4.8         48         92       22.8       13.4     1011.0        0.0          9       12.2       0.80      2.000
19:18           285.0        1.6        4.8         48         92       22.8       13.4     1011.0        0.0          7       12.1       0.80      2.000
19:19           285.0        0.0        3.2         48         92       22.8       13.4     1011.0        0.0          9       12.1       0.80      2.000
19:20           286.0        0.0        1.6         48         92       22.8       13.4     1011.0        0.0          9       12.1       0.80      2.000
19:21           285.0        0.0        1.6         48         92       22.8       13.4     1011.0        0.0          9       12.1       0.80      1.800
19:22           285.0        0.0        1.6         48         92       22.8       13.4     1011.0        0.0         11       12.1       0.80      1.600
19:23           285.0        0.0        0.0         48         92       22.8       13.4     1011.0        0.0         11       12.1       1.00      1.600
19:24           285.0        0.0        1.6         48         92       22.8       13.4     1010.9        0.0         11       12.1       1.00      1.600
19:25           286.0        0.0        1.6         48         92       22.8       13.4     1010.9        0.0          9       12.1       1.00      1.600
19:26           285.0        0.0        1.6         48         93       22.8       13.3     1010.9        0.0         11       12.2       1.00      1.600
19:27           285.0        0.0        3.2         48         93       22.8       13.4     1011.0        0.0         14       12.3       1.00      1.600
19:28           285.0        1.6        3.2         48         93       22.8       13.3     1010.9        0.0         16       12.2       1.00      1.600
19:29           285.0        1.6        1.6         48         93       22.8       13.3     1010.9        0.0         16       12.2       1.20      1.800
19:30           285.0        0.0        1.6         48         93       22.8       13.3     1010.9        0.0         14       12.2       1.20      1.800
19:31           285.0        0.0        1.6         48         93       22.7       13.3     1010.9        0.0         12       12.2       1.20      1.800
19:32           285.0        0.0        1.6         48         93       22.7       13.3     1010.9        0.0         11       12.2       1.20      1.800
19:33           285.0        1.6        1.6         48         93       22.7       13.3     1010.9        0.0          7       12.2       1.20      1.800
19:34           285.0        0.0        1.6         48         93       22.7       13.3     1010.9        0.0          7       12.2       1.20      1.800
19:35           285.0        1.6        1.6         48         93       22.7       13.3     1010.9        0.0          5       12.2       1.20      1.800
19:36           285.0        0.0        1.6         48         93       22.7       13.3     1010.9        0.0          5       12.2       1.20      1.600
19:37           285.0        0.0        1.6         48         93       22.6       13.3     1010.9        0.0          5       12.2       1.20      1.400
19:38           285.0        0.0        1.6         48         93       22.6       13.3     1010.8        0.0          5       12.2       1.20      1.200
19:39           285.0        0.0        0.0         48         93       22.6       13.3     1010.9        0.0          5       12.2       1.20      1.200
19:40           285.0        0.0        0.0         48         93       22.6       13.3     1010.9        0.0          5       12.2       1.20      1.000
19:41           285.0        0.0        0.0         48         93       22.6       13.3     1010.8        0.0          5       12.2       1.20      1.000
19:42           286.0        0.0        0.0         48         93       22.6       13.3     1010.8        0.0          0       12.2       1.20      0.800
19:43           285.0        0.0        0.0         48         93       22.4       13.3     1010.8        0.0          0       12.2       1.20      0.800
19:44           285.0        0.0        0.0         48         93       22.4       13.3     1010.8        0.0          0       12.2       1.20      0.800
19:45           285.0        0.0        0.0         48         93       22.4       13.3     1010.8        0.0          0       12.2       1.20      0.800
19:46           285.0        0.0        0.0         48         93       22.4       13.3     1010.8        0.0          0       12.2       1.20      0.000
19:47           286.0        0.0        0.0         48         93       22.4       13.3     1010.8        0.0          0       12.2       1.20      0.000
19:48           285.0        0.0        0.0         48         93       22.4       13.3     1010.8        0.0          0       12.2       1.40      0.000
19:49           285.0        0.0        0.0         48         93       22.4       13.3     1010.8        0.0          0       12.2       1.40      0.000
19:50           285.0        0.0        0.0         48         93       22.4       13.3     1010.8        0.0          0       12.2       1.40      0.000
19:51           285.0        0.0        0.0         48         93       22.4       13.3     1010.8        0.0          0       12.2       1.40      0.000
19:52           285.0        0.0        0.0         48         93       22.4       13.2     1010.8        0.0          0       12.1       1.40      0.000
19:53           285.0        0.0        0.0         48         93       22.4       13.3     1010.8        0.0          0       12.2       1.40      0.000
19:54           285.0        0.0        0.0         49         93       22.3       13.3     1010.7        0.0          0       12.2       1.40      0.000
19:55           285.0        0.0        0.0         49         93       22.3       13.2     1010.8        0.0          0       12.1       1.40      0.000
19:56           285.0        0.0        0.0         49         93       22.3       13.2     1010.8        0.0          0       12.1       1.40      0.000
19:57           285.0        0.0        0.0         49         93       22.3       13.2     1010.8        0.0          0       12.1       1.40      0.000
19:58           285.0        0.0        0.0         49         94       22.3       13.2     1010.8        0.0          0       12.3       1.40      0.000
19:59           285.0        0.0        0.0         49         94       22.2       13.2     1010.8        0.0          0       12.3       1.40      0.000
20:00           285.0        0.0        0.0         49         94       22.2       13.2     1010.8        0.0          0       12.3       1.40      0.000
20:57             0.0        0.0        0.0          0          0      -17.8      -17.8        0.0        0.0          0      -17.8       0.00     -0.200
20:58             0.0        0.0        0.0          0          0      -17.8      -17.8        0.0        0.0          0      -17.8       0.00     -0.200
20:59             0.0        0.0        0.0          0          0      -17.8      -17.8        0.0        0.0          0      -17.8       0.00     -0.200
21:03             0.0        0.0        0.0          0          0      -17.8      -17.8        0.0        0.0          0      -17.8       0.00     -0.200
21:04             0.0        0.0        0.0          0          0      -17.8      -17.8        0.0        0.0          0      -17.8       0.00     -0.200
